day,month,year,hour,minute,second,abs.second,sats,Latitude,Longitude,Altitude,var1,var2,var3
31,07,21,02,57,15,10635.400,0,0.000000,0.000000,0.00,9999.999,9999.999000000000,4.12
31,07,21,03,02,15,10935.400,0,0.000000,0.000000,0.00,9999.999,9999.999000000000,4.12
31,07,21,03,07,15,11235.400,0,0.000000,0.000000,0.00,9999.999,9999.999000000000,4.12
31,07,21,03,12,15,11535.400,0,0.000000,0.000000,0.00,9999.999,9999.999000000000,4.12
31,07,21,03,17,15,11835.400,0,0.000000,0.000000,0.00,9999.999,9999.999000000000,4.12
31,07,21,03,22,15,12135.400,0,0.000000,0.000000,0.00,9999.999,9999.999000000000,4.12
31,07,21,03,27,05,12425.190,5,52.139431,-6.588102,63.25,9999.999,0.000000781774,4.12
31,07,21,03,32,06,12726.200,6,52.139564,-6.588193,44.75,2.195,0.000001535647,4.12
31,07,21,03,37,16,13036.195,0,0.000000,0.000000,0.00,9999.999,9999.999000000000,4.12
31,07,21,03,42,16,13336.195,0,0.000000,0.000000,0.00,9999.999,9999.999000000000,4.12
31,07,21,03,47,16,13636.195,0,0.000000,0.000000,0.00,9999.999,9999.999000000000,4.12
31,07,21,03,52,16,13936.195,0,0.000000,0.000000,0.00,9999.999,9999.999000000000,4.12
31,07,21,03,57,16,14236.195,0,0.000000,0.000000,0.00,9999.999,9999.999000000000,4.12
31,07,21,04,02,16,14536.195,0,0.000000,0.000000,0.00,9999.999,9999.999000000000,4.12
31,07,21,04,07,16,14836.195,0,0.000000,0.000000,0.00,9999.999,9999.999000000000,4.12
31,07,21,04,12,16,15136.195,0,0.000000,0.000000,0.00,9999.999,9999.999000000000,4.12
31,07,21,04,17,16,15436.195,0,0.000000,0.000000,0.00,9999.999,9999.999000000000,4.12
31,07,21,04,22,16,15736.195,0,0.000000,0.000000,0.00,9999.999,9999.999000000000,4.12
31,07,21,04,27,16,16036.195,0,0.000000,0.000000,0.00,9999.999,9999.999000000000,4.12
31,07,21,04,32,16,16336.195,0,0.000000,0.000000,0.00,9999.999,9999.999000000000,4.12
31,07,21,04,37,16,16636.195,0,0.000000,0.000000,0.00,9999.999,9999.999000000000,4.12
31,07,21,04,42,16,16936.195,0,0.000000,0.000000,0.00,9999.999,9999.999000000000,4.12
31,07,21,04,47,16,17236.195,0,0.000000,0.000000,0.00,9999.999,9999.999000000000,4.12
31,07,21,04,52,16,17536.195,0,0.000000,0.000000,0.00,9999.999,9999.999000000000,4.10
31,07,21,04,57,16,17836.195,0,0.000000,0.000000,0.00,9999.999,9999.999000000000,4.10
31,07,21,05,02,16,18136.195,0,0.000000,0.000000,0.00,9999.999,9999.999000000000,4.10
31,07,21,05,07,16,18436.195,0,0.000000,0.000000,0.00,9999.999,9999.999000000000,4.10
31,07,21,05,12,16,18736.195,0,0.000000,0.000000,0.00,9999.999,9999.999000000000,4.10
31,07,21,05,17,16,19036.195,0,0.000000,0.000000,0.00,9999.999,9999.999000000000,4.10
31,07,21,05,22,16,19336.195,0,0.000000,0.000000,0.00,9999.999,9999.999000000000,4.12
31,07,21,05,27,16,19636.195,0,0.000000,0.000000,0.00,9999.999,9999.999000000000,4.10
31,07,21,05,32,16,19936.195,0,0.000000,0.000000,0.00,9999.999,9999.999000000000,4.10
31,07,21,05,37,16,20236.195,0,0.000000,0.000000,0.00,9999.999,9999.999000000000,4.10
31,07,21,05,42,16,20536.195,0,0.000000,0.000000,0.00,9999.999,9999.999000000000,4.10
31,07,21,05,47,16,20836.195,0,0.000000,0.000000,0.00,9999.999,9999.999000000000,4.10
31,07,21,05,52,16,21136.195,0,0.000000,0.000000,0.00,9999.999,9999.999000000000,4.10
31,07,21,05,57,16,21436.195,0,0.000000,0.000000,0.00,9999.999,9999.999000000000,4.10
31,07,21,06,02,16,21736.195,0,0.000000,0.000000,0.00,9999.999,9999.999000000000,4.10
31,07,21,06,07,16,22036.195,0,0.000000,0.000000,0.00,9999.999,9999.999000000000,4.10
31,07,21,06,12,16,22336.195,0,0.000000,0.000000,0.00,9999.999,9999.999000000000,4.08
31,07,21,06,17,16,22636.195,0,0.000000,0.000000,0.00,9999.999,9999.999000000000,4.10
31,07,21,06,22,16,22936.195,0,0.000000,0.000000,0.00,9999.999,9999.999000000000,4.10
31,07,21,06,27,16,23236.195,0,0.000000,0.000000,0.00,9999.999,9999.999000000000,4.10
31,07,21,06,32,16,23536.195,0,0.000000,0.000000,0.00,9999.999,9999.999000000000,4.10
31,07,21,06,37,16,23836.195,0,0.000000,0.000000,0.00,9999.999,9999.999000000000,4.08
31,07,21,06,42,16,24136.195,0,0.000000,0.000000,0.00,9999.999,9999.999000000000,4.10
31,07,21,06,47,16,24436.195,0,0.000000,0.000000,0.00,9999.999,9999.999000000000,4.08
31,07,21,06,52,16,24736.195,0,0.000000,0.000000,0.00,9999.999,9999.999000000000,4.08
31,07,21,06,57,16,25036.195,0,0.000000,0.000000,0.00,9999.999,9999.999000000000,4.08
31,07,21,07,02,16,25336.195,0,0.000000,0.000000,0.00,9999.999,9999.999000000000,4.08
31,07,21,07,07,16,25636.195,0,0.000000,0.000000,0.00,9999.999,9999.999000000000,4.10
31,07,21,07,12,16,25936.195,0,0.000000,0.000000,0.00,9999.999,9999.999000000000,4.08
31,07,21,07,17,16,26236.195,0,0.000000,0.000000,0.00,9999.999,9999.999000000000,4.08
31,07,21,07,22,16,26536.195,0,0.000000,0.000000,0.00,9999.999,9999.999000000000,4.08
31,07,21,07,27,16,26836.195,0,0.000000,0.000000,0.00,9999.999,9999.999000000000,4.08
31,07,21,07,32,16,27136.195,0,0.000000,0.000000,0.00,9999.999,9999.999000000000,4.08
31,07,21,07,37,16,27436.195,0,0.000000,0.000000,0.00,9999.999,9999.999000000000,4.08
31,07,21,07,42,16,27736.195,0,0.000000,0.000000,0.00,9999.999,9999.999000000000,4.08
31,07,21,07,47,16,28036.195,0,0.000000,0.000000,0.00,9999.999,9999.999000000000,4.08
31,07,21,07,52,16,28336.195,0,0.000000,0.000000,0.00,9999.999,9999.999000000000,4.08
31,07,21,07,57,16,28636.195,0,0.000000,0.000000,0.00,9999.999,9999.999000000000,4.08
31,07,21,08,02,16,28936.195,0,0.000000,0.000000,0.00,9999.999,9999.999000000000,4.08
31,07,21,08,07,16,29236.195,0,0.000000,0.000000,0.00,9999.999,9999.999000000000,4.08
31,07,21,08,12,16,29536.195,0,0.000000,0.000000,0.00,9999.999,9999.999000000000,4.08
31,07,21,08,17,16,29836.195,0,0.000000,0.000000,0.00,9999.999,9999.999000000000,4.08
31,07,21,08,22,16,30136.195,0,0.000000,0.000000,0.00,9999.999,9999.999000000000,4.08
31,07,21,08,27,16,30436.195,0,0.000000,0.000000,0.00,9999.999,9999.999000000000,4.08
31,07,21,08,32,16,30736.195,0,0.000000,0.000000,0.00,9999.999,9999.999000000000,4.08
31,07,21,08,37,16,31036.195,0,0.000000,0.000000,0.00,9999.999,9999.999000000000,4.08
31,07,21,08,42,16,31336.195,0,0.000000,0.000000,0.00,9999.999,9999.999000000000,4.08
31,07,21,08,47,16,31636.195,0,0.000000,0.000000,0.00,9999.999,9999.999000000000,4.08
31,07,21,08,52,16,31936.195,0,0.000000,0.000000,0.00,9999.999,9999.999000000000,4.08
31,07,21,08,57,16,32236.195,0,0.000000,0.000000,0.00,9999.999,9999.999000000000,4.08
31,07,21,09,02,16,32536.195,0,0.000000,0.000000,0.00,9999.999,9999.999000000000,4.08
31,07,21,09,07,16,32836.195,0,0.000000,0.000000,0.00,9999.999,9999.999000000000,4.08
31,07,21,09,12,16,33136.195,0,0.000000,0.000000,0.00,9999.999,9999.999000000000,4.08
31,07,21,09,17,16,33436.195,0,0.000000,0.000000,0.00,9999.999,9999.999000000000,4.08
31,07,21,09,22,16,33736.195,0,0.000000,0.000000,0.00,9999.999,9999.999000000000,4.08
31,07,21,09,27,16,34036.195,0,0.000000,0.000000,0.00,9999.999,9999.999000000000,4.08
31,07,21,09,32,16,34336.195,0,0.000000,0.000000,0.00,9999.999,9999.999000000000,4.08
31,07,21,09,37,16,34636.195,0,0.000000,0.000000,0.00,9999.999,9999.999000000000,4.08
31,07,21,09,42,16,34936.195,0,0.000000,0.000000,0.00,9999.999,9999.999000000000,4.08
31,07,21,09,47,16,35236.195,0,0.000000,0.000000,0.00,9999.999,9999.999000000000,4.08
31,07,21,09,52,16,35536.195,0,0.000000,0.000000,0.00,9999.999,9999.999000000000,4.08
31,07,21,09,57,16,35836.195,0,0.000000,0.000000,0.00,9999.999,9999.999000000000,4.08
31,07,21,10,02,16,36136.195,0,0.000000,0.000000,0.00,9999.999,9999.999000000000,4.08
31,07,21,10,07,16,36436.195,0,0.000000,0.000000,0.00,9999.999,9999.999000000000,4.06
31,07,21,10,12,16,36736.195,0,0.000000,0.000000,0.00,9999.999,9999.999000000000,4.06
31,07,21,10,17,16,37036.195,0,0.000000,0.000000,0.00,9999.999,9999.999000000000,4.06
31,07,21,10,22,16,37336.195,0,0.000000,0.000000,0.00,9999.999,9999.999000000000,4.06
31,07,21,10,27,16,37636.195,0,0.000000,0.000000,0.00,9999.999,9999.999000000000,4.06
31,07,21,10,32,16,37936.195,0,0.000000,0.000000,0.00,9999.999,9999.999000000000,4.06
31,07,21,10,37,16,38236.195,0,0.000000,0.000000,0.00,9999.999,9999.999000000000,4.06
31,07,21,10,42,16,38536.195,0,0.000000,0.000000,0.00,9999.999,9999.999000000000,4.06
31,07,21,10,47,16,38836.195,0,0.000000,0.000000,0.00,9999.999,9999.999000000000,4.06
31,07,21,10,52,16,39136.195,0,0.000000,0.000000,0.00,9999.999,9999.999000000000,4.06
31,07,21,10,57,16,39436.195,0,0.000000,0.000000,0.00,9999.999,9999.999000000000,4.06
31,07,21,11,02,16,39736.195,0,0.000000,0.000000,0.00,9999.999,9999.999000000000,4.06
31,07,21,11,07,16,40036.195,0,0.000000,0.000000,0.00,9999.999,9999.999000000000,4.06
31,07,21,11,12,16,40336.195,0,0.000000,0.000000,0.00,9999.999,9999.999000000000,4.06
31,07,21,11,17,16,40636.195,0,0.000000,0.000000,0.00,9999.999,9999.999000000000,4.04
31,07,21,11,22,16,40936.195,0,0.000000,0.000000,0.00,9999.999,9999.999000000000,4.06
31,07,21,11,27,16,41236.195,0,0.000000,0.000000,0.00,9999.999,9999.999000000000,4.06
31,07,21,11,32,16,41536.195,0,0.000000,0.000000,0.00,9999.999,9999.999000000000,4.06
31,07,21,11,37,16,41836.195,0,0.000000,0.000000,0.00,9999.999,9999.999000000000,4.06
31,07,21,11,42,16,42136.195,0,0.000000,0.000000,0.00,9999.999,9999.999000000000,4.04
31,07,21,11,47,16,42436.195,0,0.000000,0.000000,0.00,9999.999,9999.999000000000,4.06
31,07,21,11,52,16,42736.195,0,0.000000,0.000000,0.00,9999.999,9999.999000000000,4.04
31,07,21,11,57,16,43036.195,0,0.000000,0.000000,0.00,9999.999,9999.999000000000,4.04
31,07,21,12,02,16,43336.195,0,0.000000,0.000000,0.00,9999.999,9999.999000000000,4.04
31,07,21,12,07,16,43636.195,0,0.000000,0.000000,0.00,9999.999,9999.999000000000,4.04
31,07,21,12,12,16,43936.195,0,0.000000,0.000000,0.00,9999.999,9999.999000000000,4.04
31,07,21,12,17,16,44236.195,0,0.000000,0.000000,0.00,9999.999,9999.999000000000,4.04
31,07,21,12,22,16,44536.195,0,0.000000,0.000000,0.00,9999.999,9999.999000000000,4.04
31,07,21,12,27,16,44836.195,0,0.000000,0.000000,0.00,9999.999,9999.999000000000,4.04
31,07,21,12,32,16,45136.195,0,0.000000,0.000000,0.00,9999.999,9999.999000000000,4.04
31,07,21,12,37,16,45436.195,0,0.000000,0.000000,0.00,9999.999,9999.999000000000,4.04
31,07,21,12,42,16,45736.195,0,0.000000,0.000000,0.00,9999.999,9999.999000000000,4.04
31,07,21,12,47,16,46036.195,0,0.000000,0.000000,0.00,9999.999,9999.999000000000,4.04
31,07,21,12,52,16,46336.195,0,0.000000,0.000000,0.00,9999.999,9999.999000000000,4.04
31,07,21,12,57,16,46636.195,0,0.000000,0.000000,0.00,9999.999,9999.999000000000,4.04
31,07,21,13,02,16,46936.195,0,0.000000,0.000000,0.00,9999.999,9999.999000000000,4.04
31,07,21,13,07,16,47236.195,0,0.000000,0.000000,0.00,9999.999,9999.999000000000,4.02
31,07,21,13,12,16,47536.195,0,0.000000,0.000000,0.00,9999.999,9999.999000000000,4.04
31,07,21,13,17,16,47836.195,0,0.000000,0.000000,0.00,9999.999,9999.999000000000,4.04
31,07,21,13,22,16,48136.195,0,0.000000,0.000000,0.00,9999.999,9999.999000000000,4.04
31,07,21,13,27,16,48436.195,0,0.000000,0.000000,0.00,9999.999,9999.999000000000,4.04
31,07,21,13,32,16,48736.195,0,0.000000,0.000000,0.00,9999.999,9999.999000000000,4.04
31,07,21,13,37,16,49036.195,0,0.000000,0.000000,0.00,9999.999,9999.999000000000,4.02
31,07,21,13,42,16,49336.195,0,0.000000,0.000000,0.00,9999.999,9999.999000000000,4.02
31,07,21,13,47,16,49636.195,0,0.000000,0.000000,0.00,9999.999,9999.999000000000,4.02
31,07,21,13,52,16,49936.195,0,0.000000,0.000000,0.00,9999.999,9999.999000000000,4.02
31,07,21,13,57,16,50236.195,0,0.000000,0.000000,0.00,9999.999,9999.999000000000,4.02
31,07,21,14,02,16,50536.195,0,0.000000,0.000000,0.00,9999.999,9999.999000000000,4.02
31,07,21,14,07,16,50836.195,0,0.000000,0.000000,0.00,9999.999,9999.999000000000,4.02
31,07,21,14,12,16,51136.195,0,0.000000,0.000000,0.00,9999.999,9999.999000000000,4.02
31,07,21,14,17,16,51436.195,0,0.000000,0.000000,0.00,9999.999,9999.999000000000,4.02
31,07,21,14,22,16,51736.195,0,0.000000,0.000000,0.00,9999.999,9999.999000000000,4.02
31,07,21,14,27,16,52036.195,0,0.000000,0.000000,0.00,9999.999,9999.999000000000,4.02
31,07,21,14,32,16,52336.195,0,0.000000,0.000000,0.00,9999.999,9999.999000000000,4.02
31,07,21,14,37,16,52636.195,0,0.000000,0.000000,0.00,9999.999,9999.999000000000,4.02
31,07,21,14,42,16,52936.195,0,0.000000,0.000000,0.00,9999.999,9999.999000000000,4.02
31,07,21,14,47,16,53236.195,0,0.000000,0.000000,0.00,9999.999,9999.999000000000,4.02
31,07,21,14,52,16,53536.195,0,0.000000,0.000000,0.00,9999.999,9999.999000000000,4.02
31,07,21,14,57,16,53836.195,0,0.000000,0.000000,0.00,9999.999,9999.999000000000,4.02
31,07,21,15,02,16,54136.195,0,0.000000,0.000000,0.00,9999.999,9999.999000000000,4.00
31,07,21,15,07,16,54436.195,0,0.000000,0.000000,0.00,9999.999,9999.999000000000,4.02
31,07,21,15,12,16,54736.195,0,0.000000,0.000000,0.00,9999.999,9999.999000000000,4.00
31,07,21,15,17,16,55036.195,0,0.000000,0.000000,0.00,9999.999,9999.999000000000,4.00
31,07,21,15,22,16,55336.195,0,0.000000,0.000000,0.00,9999.999,9999.999000000000,4.00
31,07,21,15,27,16,55636.195,0,0.000000,0.000000,0.00,9999.999,9999.999000000000,4.02
31,07,21,15,32,16,55936.195,0,0.000000,0.000000,0.00,9999.999,9999.999000000000,4.00
31,07,21,15,37,16,56236.195,0,0.000000,0.000000,0.00,9999.999,9999.999000000000,4.00
31,07,21,15,42,16,56536.195,0,0.000000,0.000000,0.00,9999.999,9999.999000000000,4.00
31,07,21,15,47,16,56836.195,0,0.000000,0.000000,0.00,9999.999,9999.999000000000,4.00
31,07,21,15,52,16,57136.195,0,0.000000,0.000000,0.00,9999.999,9999.999000000000,4.00
31,07,21,15,57,16,57436.195,0,0.000000,0.000000,0.00,9999.999,9999.999000000000,4.00
31,07,21,16,02,16,57736.195,0,0.000000,0.000000,0.00,9999.999,9999.999000000000,4.00
31,07,21,16,07,16,58036.195,0,0.000000,0.000000,0.00,9999.999,9999.999000000000,4.00
31,07,21,16,12,16,58336.195,0,0.000000,0.000000,0.00,9999.999,9999.999000000000,4.00
31,07,21,16,17,16,58636.195,0,0.000000,0.000000,0.00,9999.999,9999.999000000000,3.98
31,07,21,16,22,16,58936.195,0,0.000000,0.000000,0.00,9999.999,9999.999000000000,4.00
31,07,21,16,27,16,59236.195,0,0.000000,0.000000,0.00,9999.999,9999.999000000000,4.00
31,07,21,16,32,16,59536.195,0,0.000000,0.000000,0.00,9999.999,9999.999000000000,4.00
31,07,21,16,37,16,59836.195,0,0.000000,0.000000,0.00,9999.999,9999.999000000000,4.00
31,07,21,16,42,16,60136.195,0,0.000000,0.000000,0.00,9999.999,9999.999000000000,4.00
31,07,21,16,47,16,60436.195,0,0.000000,0.000000,0.00,9999.999,9999.999000000000,4.00
31,07,21,16,52,16,60736.195,0,0.000000,0.000000,0.00,9999.999,9999.999000000000,4.00
31,07,21,16,57,16,61036.195,0,0.000000,0.000000,0.00,9999.999,9999.999000000000,3.98
31,07,21,17,02,16,61336.195,0,0.000000,0.000000,0.00,9999.999,9999.999000000000,3.98
31,07,21,17,07,16,61636.195,0,0.000000,0.000000,0.00,9999.999,9999.999000000000,3.98
31,07,21,17,12,16,61936.195,0,0.000000,0.000000,0.00,9999.999,9999.999000000000,4.00
31,07,21,17,17,16,62236.195,0,0.000000,0.000000,0.00,9999.999,9999.999000000000,3.98
31,07,21,17,22,16,62536.195,0,0.000000,0.000000,0.00,9999.999,9999.999000000000,3.98
31,07,21,17,27,16,62836.195,0,0.000000,0.000000,0.00,9999.999,9999.999000000000,4.00
31,07,21,17,32,16,63136.195,0,0.000000,0.000000,0.00,9999.999,9999.999000000000,3.98
31,07,21,17,37,16,63436.195,0,0.000000,0.000000,0.00,9999.999,9999.999000000000,3.98
31,07,21,17,42,16,63736.195,0,0.000000,0.000000,0.00,9999.999,9999.999000000000,4.00
31,07,21,17,47,16,64036.195,0,0.000000,0.000000,0.00,9999.999,9999.999000000000,3.98
31,07,21,17,52,16,64336.195,0,0.000000,0.000000,0.00,9999.999,9999.999000000000,3.98
31,07,21,17,57,16,64636.195,0,0.000000,0.000000,0.00,9999.999,9999.999000000000,3.98
31,07,21,18,02,16,64936.195,0,0.000000,0.000000,0.00,9999.999,9999.999000000000,3.98
31,07,21,18,07,16,65236.195,0,0.000000,0.000000,0.00,9999.999,9999.999000000000,3.98
31,07,21,18,12,16,65536.195,0,0.000000,0.000000,0.00,9999.999,9999.999000000000,3.98
31,07,21,18,17,16,65836.195,0,0.000000,0.000000,0.00,9999.999,9999.999000000000,3.98
31,07,21,18,22,16,66136.195,0,0.000000,0.000000,0.00,9999.999,9999.999000000000,3.98
31,07,21,18,27,16,66436.195,0,0.000000,0.000000,0.00,9999.999,9999.999000000000,3.98
31,07,21,18,32,16,66736.195,0,0.000000,0.000000,0.00,9999.999,9999.999000000000,3.98
31,07,21,18,37,16,67036.195,0,0.000000,0.000000,0.00,9999.999,9999.999000000000,3.98
31,07,21,18,42,16,67336.195,0,0.000000,0.000000,0.00,9999.999,9999.999000000000,3.98
31,07,21,18,47,16,67636.195,0,0.000000,0.000000,0.00,9999.999,9999.999000000000,3.98
31,07,21,18,52,16,67936.195,0,0.000000,0.000000,0.00,9999.999,9999.999000000000,3.98
31,07,21,18,57,16,68236.195,0,0.000000,0.000000,0.00,9999.999,9999.999000000000,3.98
31,07,21,19,02,16,68536.195,0,0.000000,0.000000,0.00,9999.999,9999.999000000000,3.98
31,07,21,19,07,16,68836.195,0,0.000000,0.000000,0.00,9999.999,9999.999000000000,3.98
31,07,21,19,12,16,69136.195,0,0.000000,0.000000,0.00,9999.999,9999.999000000000,3.98
31,07,21,19,17,16,69436.195,0,0.000000,0.000000,0.00,9999.999,9999.999000000000,3.96
31,07,21,19,22,16,69736.195,0,0.000000,0.000000,0.00,9999.999,9999.999000000000,3.96
31,07,21,19,27,16,70036.195,0,0.000000,0.000000,0.00,9999.999,9999.999000000000,3.98
31,07,21,19,32,16,70336.195,0,0.000000,0.000000,0.00,9999.999,9999.999000000000,3.96
31,07,21,19,37,16,70636.195,0,0.000000,0.000000,0.00,9999.999,9999.999000000000,3.96
31,07,21,19,42,16,70936.195,0,0.000000,0.000000,0.00,9999.999,9999.999000000000,3.96
31,07,21,19,47,16,71236.195,0,0.000000,0.000000,0.00,9999.999,9999.999000000000,3.96
31,07,21,19,52,16,71536.195,0,0.000000,0.000000,0.00,9999.999,9999.999000000000,3.98
31,07,21,19,57,16,71836.195,0,0.000000,0.000000,0.00,9999.999,9999.999000000000,3.96
31,07,21,20,02,16,72136.195,0,0.000000,0.000000,0.00,9999.999,9999.999000000000,3.96
31,07,21,20,07,16,72436.195,0,0.000000,0.000000,0.00,9999.999,9999.999000000000,3.96
31,07,21,20,12,16,72736.195,0,0.000000,0.000000,0.00,9999.999,9999.999000000000,3.96
31,07,21,20,17,16,73036.195,0,0.000000,0.000000,0.00,9999.999,9999.999000000000,3.96
31,07,21,20,22,16,73336.195,0,0.000000,0.000000,0.00,9999.999,9999.999000000000,3.96
31,07,21,20,27,16,73636.195,0,0.000000,0.000000,0.00,9999.999,9999.999000000000,3.96
31,07,21,20,32,16,73936.195,0,0.000000,0.000000,0.00,9999.999,9999.999000000000,3.96
31,07,21,20,37,16,74236.195,0,0.000000,0.000000,0.00,9999.999,9999.999000000000,3.96
31,07,21,20,42,16,74536.195,0,0.000000,0.000000,0.00,9999.999,9999.999000000000,3.96
31,07,21,20,47,16,74836.195,0,0.000000,0.000000,0.00,9999.999,9999.999000000000,3.94
31,07,21,20,52,16,75136.195,0,0.000000,0.000000,0.00,9999.999,9999.999000000000,3.94
31,07,21,20,57,16,75436.195,0,0.000000,0.000000,0.00,9999.999,9999.999000000000,3.96
31,07,21,21,02,16,75736.195,0,0.000000,0.000000,0.00,9999.999,9999.999000000000,3.96
31,07,21,21,07,16,76036.195,0,0.000000,0.000000,0.00,9999.999,9999.999000000000,3.94
31,07,21,21,12,16,76336.195,0,0.000000,0.000000,0.00,9999.999,9999.999000000000,3.94
31,07,21,21,17,16,76636.195,0,0.000000,0.000000,0.00,9999.999,9999.999000000000,3.94
31,07,21,21,22,16,76936.195,0,0.000000,0.000000,0.00,9999.999,9999.999000000000,3.94
31,07,21,21,27,16,77236.195,0,0.000000,0.000000,0.00,9999.999,9999.999000000000,3.94
31,07,21,21,32,16,77536.195,0,0.000000,0.000000,0.00,9999.999,9999.999000000000,3.94
31,07,21,21,37,16,77836.195,0,0.000000,0.000000,0.00,9999.999,9999.999000000000,3.94
31,07,21,21,42,16,78136.195,0,0.000000,0.000000,0.00,9999.999,9999.999000000000,3.94
31,07,21,21,47,16,78436.195,0,0.000000,0.000000,0.00,9999.999,9999.999000000000,3.94
31,07,21,21,52,16,78736.195,0,0.000000,0.000000,0.00,9999.999,9999.999000000000,3.94
31,07,21,21,57,16,79036.195,0,0.000000,0.000000,0.00,9999.999,9999.999000000000,3.94
31,07,21,22,02,16,79336.195,0,0.000000,0.000000,0.00,9999.999,9999.999000000000,3.94
31,07,21,22,07,16,79636.195,0,0.000000,0.000000,0.00,9999.999,9999.999000000000,3.94
31,07,21,22,12,16,79936.195,0,0.000000,0.000000,0.00,9999.999,9999.999000000000,3.94
31,07,21,22,17,16,80236.195,0,0.000000,0.000000,0.00,9999.999,9999.999000000000,3.92
31,07,21,22,22,16,80536.195,0,0.000000,0.000000,0.00,9999.999,9999.999000000000,3.94
31,07,21,22,27,16,80836.195,0,0.000000,0.000000,0.00,9999.999,9999.999000000000,3.92
31,07,21,22,32,16,81136.195,0,0.000000,0.000000,0.00,9999.999,9999.999000000000,3.92
31,07,21,22,37,16,81436.195,0,0.000000,0.000000,0.00,9999.999,9999.999000000000,3.92
31,07,21,22,42,16,81736.195,0,0.000000,0.000000,0.00,9999.999,9999.999000000000,3.92
31,07,21,22,47,16,82036.195,0,0.000000,0.000000,0.00,9999.999,9999.999000000000,3.92
31,07,21,22,52,16,82336.195,0,0.000000,0.000000,0.00,9999.999,9999.999000000000,3.92
31,07,21,22,57,16,82636.195,0,0.000000,0.000000,0.00,9999.999,9999.999000000000,3.92
31,07,21,23,02,16,82936.195,0,0.000000,0.000000,0.00,9999.999,9999.999000000000,3.92
31,07,21,23,07,16,83236.195,0,0.000000,0.000000,0.00,9999.999,9999.999000000000,3.92
31,07,21,23,12,16,83536.195,0,0.000000,0.000000,0.00,9999.999,9999.999000000000,3.92
31,07,21,23,17,16,83836.195,0,0.000000,0.000000,0.00,9999.999,9999.999000000000,3.92
31,07,21,23,22,16,84136.195,0,0.000000,0.000000,0.00,9999.999,9999.999000000000,3.92
31,07,21,23,27,16,84436.195,0,0.000000,0.000000,0.00,9999.999,9999.999000000000,3.92
31,07,21,23,32,16,84736.195,0,0.000000,0.000000,0.00,9999.999,9999.999000000000,3.92
31,07,21,23,37,16,85036.195,0,0.000000,0.000000,0.00,9999.999,9999.999000000000,3.92
31,07,21,23,42,16,85336.195,0,0.000000,0.000000,0.00,9999.999,9999.999000000000,3.92
31,07,21,23,47,16,85636.195,0,0.000000,0.000000,0.00,9999.999,9999.999000000000,3.92
31,07,21,23,52,16,85936.195,0,0.000000,0.000000,0.00,9999.999,9999.999000000000,3.92
31,07,21,23,57,16,86236.195,0,0.000000,0.000000,0.00,9999.999,9999.999000000000,3.90
01,08,21,00,02,16,136.195,0,0.000000,0.000000,0.00,9999.999,9999.999000000000,3.90
01,08,21,00,07,16,436.195,0,0.000000,0.000000,0.00,9999.999,9999.999000000000,3.92
01,08,21,00,12,16,736.195,0,0.000000,0.000000,0.00,9999.999,9999.999000000000,3.90
01,08,21,00,17,16,1036.195,0,0.000000,0.000000,0.00,9999.999,9999.999000000000,3.90
01,08,21,00,22,16,1336.195,0,0.000000,0.000000,0.00,9999.999,9999.999000000000,3.92
01,08,21,00,27,16,1636.195,0,0.000000,0.000000,0.00,9999.999,9999.999000000000,3.90
01,08,21,00,32,16,1936.195,0,0.000000,0.000000,0.00,9999.999,9999.999000000000,3.90
01,08,21,00,37,16,2236.195,0,0.000000,0.000000,0.00,9999.999,9999.999000000000,3.90
01,08,21,00,42,16,2536.195,0,0.000000,0.000000,0.00,9999.999,9999.999000000000,3.90
01,08,21,00,47,16,2836.195,0,0.000000,0.000000,0.00,9999.999,9999.999000000000,3.90
01,08,21,00,52,16,3136.195,0,0.000000,0.000000,0.00,9999.999,9999.999000000000,3.90
01,08,21,00,57,16,3436.195,0,0.000000,0.000000,0.00,9999.999,9999.999000000000,3.90
01,08,21,01,02,16,3736.195,0,0.000000,0.000000,0.00,9999.999,9999.999000000000,3.90
01,08,21,01,07,16,4036.195,0,0.000000,0.000000,0.00,9999.999,9999.999000000000,3.90
01,08,21,01,12,16,4336.195,0,0.000000,0.000000,0.00,9999.999,9999.999000000000,3.90
01,08,21,01,17,16,4636.195,0,0.000000,0.000000,0.00,9999.999,9999.999000000000,3.90
01,08,21,01,22,16,4936.195,0,0.000000,0.000000,0.00,9999.999,9999.999000000000,3.90
01,08,21,01,27,16,5236.195,0,0.000000,0.000000,0.00,9999.999,9999.999000000000,3.90
01,08,21,01,32,16,5536.195,0,0.000000,0.000000,0.00,9999.999,9999.999000000000,3.90
01,08,21,01,37,16,5836.195,0,0.000000,0.000000,0.00,9999.999,9999.999000000000,3.90
01,08,21,01,42,16,6136.195,0,0.000000,0.000000,0.00,9999.999,9999.999000000000,3.90
01,08,21,01,47,16,6436.195,0,0.000000,0.000000,0.00,9999.999,9999.999000000000,3.90
01,08,21,01,52,16,6736.195,0,0.000000,0.000000,0.00,9999.999,9999.999000000000,3.90
01,08,21,01,57,16,7036.195,0,0.000000,0.000000,0.00,9999.999,9999.999000000000,3.88
01,08,21,02,02,16,7336.195,0,0.000000,0.000000,0.00,9999.999,9999.999000000000,3.90
01,08,21,02,07,16,7636.195,0,0.000000,0.000000,0.00,9999.999,9999.999000000000,3.90
01,08,21,02,12,16,7936.195,0,0.000000,0.000000,0.00,9999.999,9999.999000000000,3.90
01,08,21,02,17,16,8236.195,0,0.000000,0.000000,0.00,9999.999,9999.999000000000,3.90
01,08,21,02,22,16,8536.195,0,0.000000,0.000000,0.00,9999.999,9999.999000000000,3.90
01,08,21,02,27,16,8836.195,0,0.000000,0.000000,0.00,9999.999,9999.999000000000,3.88
01,08,21,02,32,15,9135.975,5,52.139439,-6.588348,43.75,2.485,0.000000351568,3.88
01,08,21,02,37,06,9426.415,6,52.140595,-6.591243,59.00,2.840,0.000004281863,3.88
01,08,21,02,42,06,9726.420,8,52.141655,-6.592577,62.50,2.595,0.000004383818,3.88
01,08,21,02,47,07,10027.415,6,52.143018,-6.560057,66.25,2.295,0.000002872306,3.88
01,08,21,02,52,08,10328.915,7,52.138236,-6.543354,54.25,2.515,0.000003677873,3.88
01,08,21,02,57,09,10629.405,6,52.138172,-6.543260,36.75,2.770,0.000001058598,3.88
01,08,21,03,02,09,10929.920,8,52.138267,-6.543279,53.75,2.790,0.000002241970,3.88
01,08,21,03,07,09,11229.410,7,52.138177,-6.543417,46.00,2.675,0.000002799416,3.88
01,08,21,03,12,10,11530.415,6,52.138123,-6.543444,50.00,2.355,0.000002745416,3.88
01,08,21,03,17,11,11831.415,7,52.138006,-6.543621,46.50,2.255,0.000003475632,3.88
01,08,21,03,22,11,12131.415,7,52.137938,-6.543584,44.75,2.365,0.000002746863,3.88
01,08,21,03,27,12,12432.415,7,52.137833,-6.543699,43.25,2.470,0.000002162456,3.90
01,08,21,03,32,13,12733.420,7,52.137867,-6.543914,50.25,2.470,0.000002996723,3.88
01,08,21,03,37,14,13034.420,7,52.137752,-6.544043,51.50,2.420,0.000002387457,3.88
01,08,21,03,42,15,13335.430,7,52.137574,-6.544022,41.75,2.400,0.000004676401,3.88
01,08,21,03,47,16,13636.430,7,52.137433,-6.544206,44.75,2.420,0.000001327107,3.88
01,08,21,03,52,17,13937.430,7,52.137397,-6.544590,40.00,2.440,0.000001400935,3.88
01,08,21,03,57,19,14239.430,6,52.137337,-6.544468,48.25,2.440,0.000001980271,3.88
01,08,21,04,02,19,14539.430,7,52.137272,-6.544973,37.75,2.430,0.000002871458,3.88
01,08,21,04,07,21,14841.440,6,52.137849,-6.540813,33.50,2.430,0.000000360582,3.88
01,08,21,04,12,21,15141.450,6,52.137605,-6.540776,25.75,2.445,0.000001261245,3.88
01,08,21,04,17,21,15441.445,6,52.137566,-6.540950,51.25,2.455,0.000002640933,3.88
01,08,21,04,22,22,15742.435,7,52.137390,-6.541179,50.00,2.445,0.000002443256,3.88
01,08,21,04,27,23,16043.445,7,52.137336,-6.541253,44.50,2.435,0.000003364948,3.88
01,08,21,04,32,32,16352.535,5,52.137401,-6.541393,67.50,2.485,0.000000445279,3.88
01,08,21,04,37,28,16648.445,5,52.137109,-6.541906,61.50,2.515,0.000000551851,3.88
01,08,21,04,42,25,16945.935,7,52.136233,-6.530822,47.25,2.705,0.000002599326,3.88
01,08,21,04,47,25,17245.935,6,52.116774,-6.554746,53.75,3.030,0.000003817099,3.88
01,08,21,04,52,26,17546.440,7,52.094312,-6.573552,46.25,2.850,0.000001919034,3.88
01,08,21,04,57,27,17847.940,6,52.069584,-6.593882,52.50,2.600,0.000003687847,3.88
01,08,21,05,02,26,18146.950,7,52.054258,-6.604993,38.00,2.820,0.000002299045,3.88
01,08,21,05,07,26,18446.940,6,52.028573,-6.637788,45.50,3.055,0.000001608152,3.88
01,08,21,05,12,26,18746.975,6,52.003536,-6.654900,59.50,3.075,0.000001431566,3.88
01,08,21,05,17,26,19046.945,6,51.979648,-6.681456,46.75,2.970,0.000000399377,3.88
01,08,21,05,22,28,19348.460,6,51.964332,-6.683453,56.75,2.650,0.000005477950,3.88
01,08,21,05,27,28,19648.470,7,51.938043,-6.715156,63.50,2.305,0.000004268225,3.88
01,08,21,05,32,28,19948.905,6,51.911499,-6.755002,-117.25,2.515,0.000003415367,3.88
01,08,21,05,37,28,20248.945,8,51.885053,-6.790003,67.00,3.030,0.000008364424,3.88
01,08,21,05,42,28,20548.940,7,51.860522,-6.828145,74.00,3.200,0.000001725518,3.88
01,08,21,05,47,29,20849.450,7,51.838854,-6.870474,37.75,2.780,0.000005988650,3.88
01,08,21,05,52,29,21149.960,10,51.821889,-6.908637,58.25,2.495,0.000003438665,3.88
01,08,21,05,57,30,21450.465,7,51.804968,-6.958416,57.00,2.570,0.000005097055,3.88
01,08,21,06,02,29,21749.960,7,51.800199,-7.006774,47.75,2.750,0.000001793931,3.88
01,08,21,06,07,30,22050.970,7,51.796864,-7.055830,42.75,3.055,0.000001988170,3.88
01,08,21,06,12,30,22350.465,8,51.793313,-7.107545,47.75,2.870,0.000003909803,3.88
01,08,21,06,18,55,22735.890,6,51.793575,-7.124005,18.00,2.585,0.000002290328,3.88
01,08,21,06,24,07,23047.915,4,0.000000,0.000000,0.00,9999.999,9999.999000000000,3.88
01,08,21,06,29,14,23354.555,5,51.794162,-7.137443,68.25,2.580,0.000000331450,3.88
01,08,21,06,34,26,23666.560,5,51.795042,-7.145350,27.75,2.555,0.000001723985,3.86
01,08,21,06,39,24,23964.975,7,51.792039,-7.171935,53.75,2.755,0.000001657481,3.88
01,08,21,06,44,25,24265.485,7,51.785672,-7.219122,43.50,2.830,0.000002328095,3.88
01,08,21,06,49,25,24565.980,8,51.781958,-7.267653,39.75,2.770,0.000003283505,3.88
01,08,21,06,54,26,24866.480,6,51.779173,-7.315581,49.50,2.700,0.000003159884,3.86
01,08,21,06,59,57,25197.640,7,51.773238,-7.360872,50.00,2.525,0.000002280428,3.88
01,08,21,07,05,25,25525.525,3,0.000000,0.000000,0.00,9999.999,9999.999000000000,3.88
01,08,21,07,10,19,25819.525,5,51.778519,-7.379255,39.00,2.495,0.000001036774,3.88
01,08,21,07,15,27,26127.035,7,51.779879,-7.387842,29.75,2.765,0.000003043975,3.88
01,08,21,07,20,27,26427.985,7,51.782547,-7.396302,39.75,3.145,0.000002575991,3.88
01,08,21,07,25,38,26738.145,3,0.000000,0.000000,0.00,9999.999,9999.999000000000,3.88
01,08,21,07,30,29,27029.495,5,51.781790,-7.435141,47.75,2.930,0.000000531996,3.88
01,08,21,07,35,27,27327.990,10,51.784050,-7.482120,45.75,2.635,0.000004908427,3.88
01,08,21,07,40,26,27626.995,7,51.792977,-7.520516,44.00,2.845,0.000001591310,3.88
01,08,21,07,45,27,27927.505,7,51.801610,-7.561785,59.00,2.855,0.000002050889,3.88
01,08,21,07,50,28,28228.005,8,51.808478,-7.604835,59.00,2.760,0.000001560196,3.88
01,08,21,07,55,28,28528.000,7,51.808281,-7.648691,51.25,2.955,0.000006641331,3.88
01,08,21,08,00,27,28827.995,7,51.816241,-7.689963,42.75,3.095,0.000004575747,3.88
01,08,21,08,05,28,29128.005,7,51.816460,-7.737828,63.75,3.070,0.000003919468,3.88
01,08,21,08,10,28,29428.490,7,51.814328,-7.787591,34.25,2.735,0.000001866187,3.88
01,08,21,08,15,29,29729.525,7,51.818134,-7.831958,63.75,2.340,0.000002890916,3.88
01,08,21,08,20,52,30052.560,7,51.817197,-7.838507,44.50,2.345,0.000001633123,3.88
01,08,21,08,25,43,30343.505,6,51.815915,-7.838353,47.00,2.535,0.000002066436,3.88
01,08,21,08,30,44,30644.505,6,51.815732,-7.838677,46.50,2.600,0.000001513409,3.88
01,08,21,08,35,43,30943.990,7,51.820993,-7.856089,42.50,2.780,0.000002994903,3.88
01,08,21,08,40,47,31247.490,5,51.826067,-7.858144,43.50,2.830,0.000000562318,3.88
01,08,21,08,45,45,31545.010,9,51.826897,-7.858059,56.25,2.775,0.000006344230,3.88
01,08,21,08,50,46,31846.505,6,51.825622,-7.865848,45.50,2.730,0.000002029853,3.88
01,08,21,08,55,47,32147.510,6,51.825707,-7.866070,52.00,2.485,0.000000909228,3.88
01,08,21,09,00,47,32447.505,7,51.818037,-7.880493,42.25,2.385,0.000005049028,3.88
01,08,21,09,05,48,32748.515,6,51.816787,-7.880909,52.25,2.460,0.000001179310,3.88
01,08,21,09,10,48,33048.500,7,51.817374,-7.881783,34.50,2.545,0.000005895427,3.88
01,08,21,09,15,49,33349.515,8,51.816982,-7.881981,60.50,2.550,0.000001858138,3.88
01,08,21,09,20,50,33650.000,7,51.817016,-7.882566,29.50,2.760,0.000005523270,3.88
01,08,21,09,25,51,33951.520,6,51.816758,-7.883230,50.00,2.865,0.000001368901,3.88
01,08,21,09,30,52,34252.515,6,51.816546,-7.883639,48.25,2.570,0.000002031385,3.88
01,08,21,09,35,53,34553.520,6,51.816348,-7.884104,50.75,2.370,0.000002321584,3.88
01,08,21,09,40,53,34853.520,8,51.816210,-7.884540,64.25,2.420,0.000002048911,3.88
01,08,21,09,45,55,35155.520,6,51.816148,-7.885283,49.25,2.545,0.000001973476,3.88
01,08,21,09,50,56,35456.525,6,51.815970,-7.885990,46.25,2.585,0.000002056950,3.88
01,08,21,09,55,57,35757.525,6,51.815632,-7.886380,61.50,2.545,0.000002599361,3.88
01,08,21,10,01,00,36060.485,5,51.816039,-7.887144,-61.50,2.485,0.000000765996,3.88
01,08,21,10,06,00,36360.475,6,51.816045,-7.887930,-90.00,2.450,0.000002419297,3.88
01,08,21,10,11,01,36661.500,6,51.815233,-7.888396,-12.75,2.470,0.000000625759,3.88
01,08,21,10,16,00,36960.550,6,51.814555,-7.888818,41.25,2.535,0.000003533661,3.88
01,08,21,10,21,03,37263.485,6,51.814660,-7.889785,-24.00,2.550,0.000003865022,3.88
01,08,21,10,26,02,37562.550,6,51.813777,-7.890009,41.25,2.525,0.000003808939,3.86
01,08,21,10,31,13,37873.515,4,51.813511,-7.891107,41.00,2.520,0.000001504531,3.88
01,08,21,10,36,03,38163.530,6,51.813015,-7.891632,35.00,2.520,0.000004204769,3.88
01,08,21,10,41,04,38464.520,6,51.812549,-7.892229,40.00,2.525,0.000002152485,3.86
01,08,21,10,46,07,38767.035,6,51.812173,-7.892942,30.25,2.780,0.000004464422,3.88
01,08,21,10,51,05,39065.610,6,51.811505,-7.892806,56.75,2.950,0.000001012513,3.88
01,08,21,10,56,05,39365.040,8,51.808943,-7.895186,48.50,2.910,0.000002637770,3.88
01,08,21,11,01,05,39665.530,7,51.808479,-7.895873,41.75,2.765,0.000004202361,3.88
01,08,21,11,06,07,39967.025,7,51.807843,-7.896394,28.00,2.705,0.000003172083,3.86
01,08,21,11,11,07,40267.525,6,51.807368,-7.897068,32.00,2.745,0.000002456311,3.88
01,08,21,11,16,07,40567.545,7,51.806774,-7.897613,53.00,2.555,0.000003328058,3.88
01,08,21,11,21,09,40869.035,7,51.806924,-7.898638,37.50,2.695,0.000003532449,3.88
01,08,21,11,26,45,41205.505,5,51.806974,-7.898609,56.75,3.340,0.000001183268,3.88
01,08,21,11,31,37,41497.040,7,51.806567,-7.899273,51.75,9999.999,0.000001682826,3.88
01,08,21,11,36,36,41796.060,7,51.806522,-7.899461,27.00,3.050,0.000005132623,3.88
01,08,21,11,41,37,42097.540,6,51.805751,-7.900655,50.00,2.655,0.000000581347,3.88
01,08,21,11,46,38,42398.525,6,51.805043,-7.901692,62.00,2.335,0.000001393624,3.88
01,08,21,11,51,38,42698.035,8,51.804660,-7.901988,42.25,2.620,0.000003727681,3.88
01,08,21,11,56,39,42999.540,6,51.803973,-7.902897,57.75,2.930,0.000000465508,3.88
01,08,21,12,01,39,43299.490,7,51.803039,-7.904019,79.00,2.670,0.000003286061,3.88
01,08,21,12,06,40,43600.030,8,51.802922,-7.903929,34.25,2.630,0.000002531535,3.88
01,08,21,12,11,41,43901.050,7,51.802373,-7.904359,58.25,3.020,0.000001807008,3.88
01,08,21,12,16,40,44200.030,6,51.801703,-7.905447,33.75,3.235,0.000002120270,3.88
01,08,21,12,21,40,44500.545,6,51.801284,-7.906135,48.25,2.895,0.000000652087,3.88
01,08,21,12,26,41,44801.545,7,51.800569,-7.906847,43.75,2.375,0.000001979144,3.88
01,08,21,12,31,42,45102.555,8,51.803638,-7.910729,49.00,2.290,0.000001011885,3.88
01,08,21,12,36,43,45403.050,7,51.803125,-7.910998,50.00,2.760,0.000002678380,3.86
01,08,21,12,41,43,45703.050,8,51.802743,-7.911428,48.75,3.285,0.000002867693,3.88
01,08,21,12,46,43,46003.555,7,51.802129,-7.912038,50.50,9999.999,0.000002904967,3.86
01,08,21,12,51,45,46305.045,6,51.801471,-7.912611,48.00,2.800,0.000000463616,3.88
01,08,21,12,56,44,46604.560,8,51.800882,-7.913277,46.50,2.560,0.000003718159,3.86
01,08,21,13,01,45,46905.470,6,51.800098,-7.914556,-4.50,2.395,0.000001134920,3.88
01,08,21,13,06,45,47205.045,8,51.799729,-7.914530,52.00,2.675,0.000002666311,3.88
01,08,21,13,11,45,47505.565,7,51.798963,-7.914959,25.00,2.945,0.000002776125,3.88
01,08,21,13,16,46,47806.945,6,51.798109,-7.916653,-9.25,2.890,0.000001938514,3.88
01,08,21,13,21,46,48106.570,7,51.797738,-7.915941,36.75,2.730,0.000002740612,3.86
01,08,21,13,26,47,48407.570,7,51.797006,-7.916737,35.75,2.490,0.000002631817,3.86
01,08,21,13,31,48,48708.060,6,51.796519,-7.917568,33.75,2.695,0.000003992394,3.86
01,08,21,13,36,48,49008.575,7,51.795752,-7.918242,29.75,2.920,0.000003541328,3.88
01,08,21,13,41,49,49309.990,7,51.795061,-7.919853,18.50,2.895,0.000004026120,3.86
01,08,21,13,46,50,49610.075,7,51.794509,-7.919892,40.00,3.020,0.000003444575,3.86
01,08,21,13,51,49,49909.590,7,51.793977,-7.920496,10.50,2.895,0.000003718045,3.88
01,08,21,13,56,50,50210.065,7,51.793788,-7.921387,17.75,2.765,0.000004420221,3.88
01,08,21,14,01,57,50517.275,5,51.790814,-7.924781,73.75,3.105,0.000003788553,3.88
01,08,21,14,06,50,50810.575,6,51.787525,-7.938084,83.75,9999.999,0.000003453085,3.86
01,08,21,14,11,52,51112.545,6,51.786951,-7.938968,25.75,2.560,0.000005544800,3.86
01,08,21,14,16,52,51412.080,7,51.786636,-7.939326,76.25,9999.999,0.000005120374,3.88
01,08,21,14,21,52,51712.540,8,51.785936,-7.940176,40.75,2.810,0.000007423956,3.88
01,08,21,14,26,53,52013.060,7,51.785548,-7.940664,32.00,2.925,0.000006357559,3.88
01,08,21,14,31,54,52314.075,6,51.785213,-7.941116,70.25,3.125,0.000004688393,3.88
01,08,21,14,36,53,52613.565,7,51.784606,-7.941552,71.50,2.920,0.000003963925,3.88
01,08,21,14,41,54,52914.080,7,51.784154,-7.941773,39.75,2.720,0.000005230776,3.88
01,08,21,14,46,54,53214.060,7,51.783627,-7.942858,26.00,2.970,0.000005804054,3.86
01,08,21,14,51,54,53514.070,7,51.783089,-7.943505,77.75,3.190,0.000004434081,3.86
01,08,21,14,56,54,53814.070,9,51.782509,-7.944349,40.00,3.180,0.000007320037,3.86
01,08,21,15,01,54,54114.070,7,51.782090,-7.945219,72.25,3.065,0.000004247092,3.88
01,08,21,15,06,54,54414.065,10,51.781638,-7.945900,52.00,3.010,0.000004652930,3.88
01,08,21,15,11,54,54714.070,9,51.781184,-7.946620,87.75,3.040,0.000006124200,3.88
01,08,21,15,16,55,55015.570,6,51.780675,-7.947133,76.50,2.835,0.000001421924,3.86
01,08,21,15,21,55,55315.065,8,51.780397,-7.947388,55.00,2.715,0.000003084116,3.86
01,08,21,15,26,55,55615.075,7,51.780234,-7.947691,71.75,3.010,0.000007491793,3.86
01,08,21,15,32,05,55925.660,9,51.780128,-7.948254,74.25,3.015,0.000005769931,3.86
01,08,21,15,37,50,56270.845,7,51.779868,-7.949146,49.25,2.755,0.000002908082,3.86
01,08,21,15,43,01,56581.535,5,51.779155,-7.949802,49.50,3.060,0.000000132703,3.86
01,08,21,15,47,51,56871.080,7,51.770314,-7.985171,54.25,3.460,0.000007301416,3.86
01,08,21,15,52,51,57171.070,9,51.760943,-8.031463,70.25,3.275,0.000003651320,3.86
01,08,21,15,57,51,57471.065,8,51.746988,-8.068263,82.25,2.975,0.000005275670,3.86
01,08,21,16,03,47,57827.915,6,51.733600,-8.057216,50.50,2.840,0.000004505728,3.86
01,08,21,16,08,49,58129.080,8,51.733482,-8.057181,86.25,2.930,0.000006487884,3.86
01,08,21,16,13,52,58432.600,5,51.733265,-8.057305,-18.75,2.885,0.000000462197,3.86
01,08,21,16,18,51,58731.605,5,51.732973,-8.057891,-16.50,2.580,0.000000346301,3.86
01,08,21,16,23,51,59031.570,8,51.732757,-8.058526,53.75,2.435,0.000004798145,3.86
01,08,21,16,28,52,59332.075,6,51.732519,-8.059095,41.50,2.750,0.000002884583,3.86
01,08,21,16,33,52,59632.580,7,51.732064,-8.059261,65.00,2.985,0.000004840427,3.86
01,08,21,16,38,53,59933.085,6,51.731921,-8.059724,69.50,2.950,0.000001229466,3.86
01,08,21,16,43,53,60233.080,7,51.731704,-8.060186,50.75,3.065,0.000007887524,3.86
01,08,21,16,48,53,60533.095,6,51.731498,-8.060637,60.50,3.145,0.000002352723,3.88
01,08,21,16,53,53,60833.085,7,51.731252,-8.061397,53.50,3.130,0.000004617304,3.86
01,08,21,16,58,53,61133.570,7,51.731359,-8.061684,21.00,2.820,0.000003170132,3.86
01,08,21,17,03,54,61434.590,6,51.730910,-8.062288,61.50,2.425,0.000001091819,3.86
01,08,21,17,08,56,61736.605,5,51.730815,-8.062372,64.25,2.400,0.000000209862,3.86
01,08,21,17,13,57,62037.620,5,51.730759,-8.062784,80.00,2.600,0.000000140561,3.86
01,08,21,17,18,57,62337.600,6,51.730639,-8.063056,55.50,2.710,0.000000635639,3.86
01,08,21,17,23,58,62638.610,7,51.730437,-8.063561,63.75,2.660,0.000002869428,3.86
01,08,21,17,28,59,62939.600,6,51.730328,-8.063651,52.25,2.580,0.000001375020,3.86
01,08,21,17,34,00,63240.610,6,51.730169,-8.063817,67.25,2.565,0.000001442187,3.86
01,08,21,17,39,00,63540.595,6,51.730065,-8.064171,48.25,2.595,0.000001694830,3.88
01,08,21,17,44,02,63842.105,6,51.729730,-8.071015,67.50,2.865,0.000001511863,3.86
01,08,21,17,51,01,64261.745,6,51.721653,-8.094957,57.75,3.060,0.000002821886,3.86
01,08,21,17,57,29,64649.550,6,51.721722,-8.095576,50.00,3.245,0.000003494405,3.86
01,08,21,18,02,29,64949.615,6,51.721556,-8.095854,97.75,9999.999,0.000001729469,3.86
01,08,21,18,07,30,65250.605,6,51.721489,-8.096099,79.00,2.610,0.000002829512,3.86
01,08,21,18,12,31,65551.090,6,51.721435,-8.096539,32.00,9999.999,0.000002537448,3.86
01,08,21,18,17,32,65852.110,6,51.721222,-8.096384,87.75,3.100,0.000001914393,3.86
01,08,21,18,22,32,66152.110,6,51.721299,-8.096218,82.00,3.355,0.000003294473,3.86
01,08,21,18,27,31,66451.605,6,51.721365,-8.095886,89.75,2.985,0.000001929658,3.86
01,08,21,18,32,32,66752.105,6,51.721219,-8.095565,87.50,2.670,0.000003042210,3.86
01,08,21,18,37,32,67052.100,6,51.721170,-8.095196,133.25,2.945,0.000002774659,3.86
01,08,21,18,42,32,67352.105,6,51.721441,-8.094731,64.75,3.240,0.000003963576,3.86
01,08,21,18,47,32,67652.120,7,51.721310,-8.094122,76.25,3.260,0.000003994121,3.86
01,08,21,18,52,32,67952.110,7,51.721207,-8.093419,55.75,3.125,0.000001722712,3.86
01,08,21,18,57,32,68252.105,7,51.721034,-8.092602,84.00,3.040,0.000003803135,3.86
01,08,21,19,02,33,68553.570,5,51.720340,-8.092498,257.00,2.795,0.000000595472,3.86
01,08,21,19,08,27,68907.415,6,51.719685,-8.095355,94.00,9999.999,0.000005284213,3.86
01,08,21,19,13,50,69230.755,6,51.719683,-8.095433,75.50,3.085,0.000003397243,3.86
01,08,21,19,18,50,69530.105,8,51.722609,-8.100231,74.75,3.075,0.000004760695,3.86
01,08,21,19,23,50,69830.115,6,51.735775,-8.139419,90.75,3.105,0.000005236189,3.86
01,08,21,19,28,50,70130.105,6,51.735145,-8.189522,69.75,3.125,0.000003729754,3.86
01,08,21,19,33,50,70430.115,6,51.735702,-8.207242,72.25,3.120,0.000003943759,3.86
01,08,21,19,38,50,70730.110,6,51.735906,-8.206627,60.25,3.110,0.000004025108,3.86
01,08,21,19,43,50,71030.610,6,51.735932,-8.205950,48.00,2.855,0.000001213639,3.86
01,08,21,19,48,51,71331.615,6,51.736011,-8.205242,35.00,2.485,0.000001493706,3.86
01,08,21,19,53,52,71632.615,6,51.736063,-8.204711,36.25,2.430,0.000000652659,3.86
01,08,21,19,58,53,71933.110,6,51.736073,-8.204412,56.25,2.835,0.000002143786,3.86
01,08,21,20,03,53,72233.115,6,51.736090,-8.204009,57.75,3.315,0.000001653260,3.86
01,08,21,20,08,53,72533.115,7,51.736259,-8.203387,49.50,3.355,0.000002476023,3.86
01,08,21,20,13,53,72833.125,8,51.736393,-8.202764,53.25,3.140,0.000002951072,3.86
01,08,21,20,18,54,73134.630,5,51.736413,-8.202200,13.50,2.770,0.000000427243,3.86
01,08,21,20,23,54,73434.120,8,51.736692,-8.201732,39.25,2.690,0.000002224104,3.86
01,08,21,20,28,55,73735.620,6,51.736869,-8.201210,48.75,2.830,0.000001670689,3.86
01,08,21,20,33,55,74035.620,8,51.736886,-8.200582,45.25,2.690,0.000003294857,3.86
01,08,21,20,38,56,74336.140,6,51.736940,-8.199959,80.25,2.810,0.000000878136,3.86
01,08,21,20,43,56,74636.140,6,51.736998,-8.199216,85.50,3.200,0.000001299764,3.86
01,08,21,20,48,56,74936.620,8,51.737148,-8.198873,38.25,3.075,0.000002493654,3.86
01,08,21,20,53,57,75237.635,6,51.737251,-8.198236,57.50,2.565,0.000001747431,3.86
01,08,21,20,58,58,75538.635,6,51.737318,-8.197619,33.75,2.380,0.000001094103,3.86
01,08,21,21,03,59,75839.140,6,51.737304,-8.197010,57.75,2.795,0.000001931756,3.83
01,08,21,21,08,59,76139.635,6,51.737331,-8.196463,47.25,3.095,0.000000674705,3.86
01,08,21,21,14,00,76440.635,6,51.737418,-8.195925,56.00,2.785,0.000001190842,3.86
01,08,21,21,19,01,76741.145,7,51.737520,-8.195604,46.50,2.735,0.000003045743,3.86
01,08,21,21,24,01,77041.145,6,51.737475,-8.195235,69.25,3.120,0.000002198700,3.86
01,08,21,21,29,01,77341.140,6,51.737710,-8.194942,43.50,3.335,0.000000452621,3.86
01,08,21,21,34,01,77641.635,6,51.737960,-8.194600,52.25,2.995,0.000000510336,3.86
01,08,21,21,39,02,77942.635,6,51.738052,-8.194147,47.00,2.465,0.000002478547,3.86
01,08,21,21,44,03,78243.645,7,51.738066,-8.193636,48.00,2.375,0.000000883632,3.86
01,08,21,21,49,05,78545.145,6,51.738120,-8.193160,52.50,2.850,0.000001046707,3.86
01,08,21,21,54,04,78844.640,7,51.738201,-8.192696,62.25,3.130,0.000001464204,3.86
01,08,21,21,59,05,79145.640,6,51.738295,-8.192347,71.25,2.780,0.000001111146,3.86
01,08,21,22,04,07,79447.140,6,51.738353,-8.192101,50.75,2.715,0.000000941357,3.86
01,08,21,22,09,07,79747.145,6,51.738300,-8.191928,48.50,3.110,0.000001097234,3.86
01,08,21,22,14,06,80046.160,7,51.738130,-8.191769,40.25,3.350,0.000001501428,3.86
01,08,21,22,19,07,80347.640,5,51.738183,-8.191420,59.25,3.020,0.000000122504,3.86
01,08,21,22,24,08,80648.630,5,51.738356,-8.191248,29.50,2.470,0.000000979868,3.86
01,08,21,22,29,09,80949.650,5,51.737925,-8.190558,32.75,2.365,0.000000179119,3.86
01,08,21,22,34,09,81249.145,6,51.737824,-8.190376,55.00,2.845,0.000001326682,3.83
01,08,21,22,39,10,81550.165,6,51.737383,-8.189638,54.00,3.395,0.000001603154,3.86
01,08,21,22,44,09,81849.645,7,51.737398,-8.189492,55.25,9999.999,0.000001733984,3.86
01,08,21,22,49,10,82150.155,6,51.737164,-8.188928,53.25,2.900,0.000001265878,3.86
01,08,21,22,54,10,82450.640,6,51.737056,-8.188624,62.50,2.650,0.000002482189,3.83
01,08,21,22,59,12,82752.160,6,51.736680,-8.188039,52.00,2.775,0.000001493927,3.86
01,08,21,23,04,12,83052.635,5,51.736424,-8.187733,25.50,2.960,0.000000185809,3.86
01,08,21,23,09,13,83353.640,5,51.736235,-8.187221,43.75,2.730,0.000000358156,3.86
01,08,21,23,14,12,83652.650,6,51.735977,-8.186616,61.25,2.530,0.000001010023,3.86
01,08,21,23,19,13,83953.150,6,51.735661,-8.186088,54.00,2.800,0.000001536120,3.86
01,08,21,23,24,13,84253.190,7,51.735464,-8.185140,87.25,3.305,0.000002745693,3.86
01,08,21,23,29,13,84553.145,6,51.735005,-8.185157,46.50,3.420,0.000000490474,3.86
01,08,21,23,34,13,84853.650,7,51.735419,-8.185212,28.25,2.955,0.000001849931,3.83
01,08,21,23,39,14,85154.165,6,51.735030,-8.184621,38.00,2.675,0.000001588078,3.86
01,08,21,23,44,14,85454.655,6,51.734753,-8.184196,34.00,2.770,0.000002790239,3.86
01,08,21,23,49,15,85755.180,6,51.734221,-8.183965,13.50,2.965,0.000001313618,3.86
01,08,21,23,54,15,86055.165,8,51.734205,-8.183550,34.50,3.270,0.000002895049,3.86
01,08,21,23,59,16,86356.170,6,51.733823,-8.183201,39.50,3.320,0.000000969391,3.86
02,08,21,00,04,15,255.680,7,51.733406,-8.182834,45.25,2.950,0.000001917922,3.86
02,08,21,00,09,15,555.180,7,51.732945,-8.182682,37.50,2.745,0.000001521208,3.86
02,08,21,00,14,15,855.175,8,51.732577,-8.182365,42.00,3.075,0.000002290379,3.86
02,08,21,00,19,15,1155.175,8,51.732139,-8.181926,46.75,3.340,0.000003504287,3.83
02,08,21,00,24,15,1455.680,7,51.731761,-8.181648,30.50,3.060,0.000002975320,3.86
02,08,21,00,29,16,1756.680,7,51.731552,-8.181246,42.50,2.540,0.000000955317,3.86
02,08,21,00,34,17,2057.170,7,51.731354,-8.180664,105.00,9999.999,0.000003386591,3.83
02,08,21,00,39,18,2358.180,7,51.730945,-8.180285,47.50,3.175,0.000004359601,3.83
02,08,21,00,44,17,2657.175,8,51.730739,-8.180048,49.50,3.495,0.000004705812,3.86
02,08,21,00,49,17,2957.685,7,51.731362,-8.179266,52.25,3.090,0.000004740960,3.86
02,08,21,00,54,18,3258.680,7,51.731399,-8.178555,58.25,2.480,0.000003979798,3.83
02,08,21,00,59,20,3560.680,6,51.731335,-8.177828,50.75,2.375,0.000005891236,3.83
02,08,21,01,04,20,3860.675,6,51.731197,-8.177242,61.25,2.625,0.000002842548,3.86
02,08,21,01,09,23,4163.695,5,51.730917,-8.176269,0.00,2.810,0.000001438616,3.83
02,08,21,01,14,21,4461.680,7,51.731070,-8.175660,35.75,2.780,0.000004327161,3.83
02,08,21,01,19,25,4765.670,5,51.730851,-8.175547,114.25,2.660,0.000002125168,3.83
02,08,21,01,24,26,5066.670,5,51.730636,-8.174797,107.50,2.610,0.000001436692,3.86
02,08,21,01,29,25,5365.680,6,51.730396,-8.173891,48.00,2.650,0.000004113243,3.83
02,08,21,01,34,33,5673.650,5,0.000000,0.000000,0.00,9999.999,9999.999000000000,3.83
02,08,21,01,39,36,5976.630,4,51.730171,-8.171524,48.00,2.675,0.000000243583,3.83
02,08,21,01,44,28,6268.675,5,51.729714,-8.172583,86.00,2.665,0.000000396407,3.83
02,08,21,01,49,29,6569.715,5,51.729725,-8.171483,69.50,2.690,0.000000398429,3.83
02,08,21,01,54,38,6878.530,4,51.729559,-8.170705,69.00,2.635,0.000000289055,3.83
02,08,21,01,59,30,7170.715,5,51.730422,-8.168900,65.00,2.595,0.000000211057,3.83
02,08,21,02,04,32,7472.195,5,51.729817,-8.168991,61.00,2.935,0.000000872013,3.83
02,08,21,02,09,32,7772.195,5,51.729216,-8.168734,70.50,3.365,0.000000398887,3.83
02,08,21,02,14,32,8072.185,5,51.728629,-8.168696,72.75,3.405,0.000000148689,3.83
02,08,21,02,19,29,8369.695,6,51.728083,-8.168420,65.25,2.960,0.000001298705,3.83
02,08,21,02,24,32,8672.690,5,51.727643,-8.168289,65.75,2.470,0.000000155985,3.83
02,08,21,02,29,30,8970.690,7,51.727198,-8.168082,66.00,2.445,0.000000847507,3.83
02,08,21,02,34,32,9272.695,6,51.726561,-8.167878,54.25,2.680,0.000001760987,3.83
02,08,21,02,39,33,9573.710,6,51.726143,-8.167378,54.50,2.820,0.000003710913,3.83
02,08,21,02,44,34,9874.190,7,51.725693,-8.167442,60.25,3.020,0.000001386374,3.83
02,08,21,02,49,33,10173.680,6,51.725112,-8.167422,56.75,3.035,0.000000394496,3.83
02,08,21,02,54,38,10478.675,5,51.724570,-8.167192,42.50,2.685,0.000000852861,3.83
02,08,21,02,59,35,10775.205,7,51.724120,-8.166734,60.75,2.765,0.000005529507,3.83
02,08,21,03,04,36,11076.705,6,51.723540,-8.166579,62.00,2.995,0.000003361725,3.83
02,08,21,03,09,37,11377.695,6,51.722954,-8.166479,54.00,2.815,0.000002114300,3.83
02,08,21,03,14,38,11678.195,7,51.722339,-8.166399,47.50,2.855,0.000001945740,3.83
02,08,21,03,19,37,11977.695,6,51.721850,-8.166154,54.00,2.965,0.000002051337,3.83
02,08,21,03,24,38,12278.185,6,51.721230,-8.166110,25.75,2.995,0.000001072467,3.83
02,08,21,03,29,39,12579.705,6,51.720807,-8.165960,35.00,2.960,0.000001607392,3.83
02,08,21,03,34,40,12880.700,6,51.720355,-8.165814,48.50,2.685,0.000003102525,3.83
02,08,21,03,39,41,13181.705,6,51.720080,-8.165606,47.75,2.565,0.000002350073,3.83
02,08,21,03,44,42,13482.705,5,51.719632,-8.165530,34.75,2.645,0.000001368229,3.83
02,08,21,03,49,42,13782.715,6,51.719218,-8.165224,57.75,2.750,0.000004380741,3.83
02,08,21,03,54,44,14084.710,6,51.718773,-8.165067,42.75,2.765,0.000002383212,3.81
02,08,21,03,59,45,14385.715,6,51.718561,-8.164815,42.75,2.720,0.000000152551,3.83
02,08,21,04,04,46,14686.720,6,51.718207,-8.164584,44.75,2.695,0.000000591576,3.83
02,08,21,04,09,47,14987.725,6,51.717814,-8.164627,38.75,2.710,0.000001319613,3.83
02,08,21,04,14,48,15288.220,7,51.717527,-8.164649,44.50,2.980,0.000001419426,3.83
02,08,21,04,19,48,15588.230,6,51.715401,-8.168529,42.75,3.360,0.000002199756,3.83
02,08,21,04,24,48,15888.710,6,51.714864,-8.168553,51.25,3.160,0.000002944845,3.83
02,08,21,04,29,49,16189.720,6,51.714538,-8.168361,54.00,2.615,0.000001753543,3.83
02,08,21,04,34,53,16493.765,5,51.714516,-8.167827,65.25,2.470,0.000000317368,3.81
02,08,21,04,39,53,16793.760,6,51.714124,-8.167713,72.25,2.690,0.000002354351,3.83
02,08,21,04,44,55,17095.280,5,51.714276,-8.167494,94.25,3.130,0.000000364301,3.81
02,08,21,04,49,51,17391.750,7,51.713707,-8.167463,82.25,3.235,0.000001102851,3.83
02,08,21,04,54,55,17695.745,5,51.714411,-8.165410,79.75,2.800,0.000000276701,3.83
02,08,21,04,59,57,17997.740,5,51.714704,-8.165764,94.75,2.525,0.000000542306,3.83
02,08,21,05,04,57,18297.735,5,51.714620,-8.166142,91.00,2.600,0.000000173025,3.83
02,08,21,05,09,58,18598.750,5,51.714448,-8.166113,90.75,2.780,0.000000695822,3.81
02,08,21,05,14,56,18896.220,8,51.715009,-8.166137,61.75,3.075,0.000005124225,3.83
02,08,21,05,19,56,19196.225,7,51.729072,-8.136789,54.50,3.370,0.000002463382,3.81
02,08,21,05,26,28,19588.240,5,51.730904,-8.107775,91.25,3.380,0.000000873296,3.83
02,08,21,05,31,26,19886.740,6,51.731178,-8.108752,64.25,2.995,0.000004008331,3.81
02,08,21,05,36,27,20187.245,7,51.731119,-8.109822,54.75,2.800,0.000005007402,3.81
02,08,21,05,41,26,20486.730,7,51.731473,-8.103145,49.50,2.890,0.000002894252,3.81
02,08,21,05,46,30,20790.740,5,51.735043,-8.090220,89.75,2.780,0.000000135015,3.81
02,08,21,05,51,29,21089.740,6,51.735568,-8.086059,69.75,2.685,0.000005184883,3.81
02,08,21,05,56,32,21392.735,5,51.733990,-8.077283,28.00,2.690,0.000000864549,3.81
02,08,21,06,01,30,21690.750,8,51.737723,-8.075269,65.25,2.745,0.000005400979,3.81
02,08,21,06,06,32,21992.735,7,51.737975,-8.076994,54.75,2.770,0.000005729882,3.81
02,08,21,06,11,32,22292.240,8,51.748227,-8.063398,55.00,3.000,0.000004271914,3.81
02,08,21,06,16,33,22593.750,6,51.756370,-8.054603,40.75,3.110,0.000002411038,3.81
02,08,21,06,21,36,22896.710,5,51.767549,-8.043525,40.00,2.785,0.000002213912,3.81
02,08,21,06,26,36,23196.755,5,51.768608,-8.040353,31.00,2.570,0.000001311804,3.83
02,08,21,06,31,34,23494.750,7,51.771853,-8.031464,39.00,2.645,0.000001876774,3.81
02,08,21,06,36,36,23796.745,6,51.767833,-7.979283,45.00,2.785,0.000001013527,3.81
02,08,21,06,41,37,24097.755,6,51.768582,-7.957717,50.50,2.820,0.000000993674,3.81
02,08,21,06,47,10,24430.820,0,0.000000,0.000000,0.00,9999.999,9999.999000000000,3.81
02,08,21,06,51,59,24719.750,8,51.749623,-7.978609,55.50,2.770,0.000001926489,3.81
02,08,21,06,57,01,25021.260,8,51.736542,-8.025681,46.75,2.980,0.000002586194,3.81
02,08,21,07,02,00,25320.760,7,51.732291,-8.039396,61.50,3.115,0.000002763423,3.81
02,08,21,07,07,02,25622.265,8,51.744496,-8.025338,43.75,3.080,0.000002233272,3.81
02,08,21,07,12,10,25930.010,5,51.750067,-8.019959,41.00,3.120,0.000000541544,3.81
02,08,21,07,17,02,26222.750,6,51.749580,-8.020234,23.25,2.900,0.000001887170,3.81
02,08,21,07,22,05,26525.720,5,51.749567,-8.019452,-23.00,2.625,0.000000106237,3.81
02,08,21,07,27,06,26826.765,5,51.749125,-8.019507,26.25,2.605,0.000000748790,3.81
02,08,21,07,32,04,27124.265,8,51.749185,-8.023862,38.25,3.005,0.000003058078,3.81
02,08,21,07,37,04,27424.265,7,51.748719,-8.043706,40.75,3.465,0.000002910827,3.81
02,08,21,07,42,12,27732.505,5,51.748996,-8.044028,71.25,3.615,0.000000263662,3.81
02,08,21,07,47,04,28024.765,6,51.749300,-8.060176,20.75,3.210,0.000001215076,3.81
02,08,21,07,52,05,28325.780,6,51.749214,-8.060299,66.50,2.570,0.000002969198,3.81
02,08,21,07,57,08,28628.770,5,51.749569,-8.060904,37.00,2.455,0.000000263899,3.81
02,08,21,08,02,07,28927.775,6,51.749662,-8.061913,43.75,2.715,0.000001209237,3.81
02,08,21,08,07,08,29228.775,6,51.749302,-8.062574,48.75,2.905,0.000001230046,3.81
02,08,21,08,12,11,29531.765,5,51.749431,-8.062694,29.75,2.865,0.000000379284,3.81
02,08,21,08,17,09,29829.775,7,51.749463,-8.062697,54.50,2.750,0.000001030302,3.79
02,08,21,08,22,10,30130.270,7,51.749432,-8.062327,37.00,2.965,0.000002575937,3.81
02,08,21,08,27,10,30430.275,8,51.749537,-8.062115,41.00,3.380,0.000001074952,3.81
02,08,21,08,32,11,30731.780,6,51.749429,-8.062395,47.75,3.235,0.000000706551,3.81
02,08,21,08,37,11,31031.275,7,51.749434,-8.062843,36.75,2.955,0.000003433112,3.81
02,08,21,08,42,12,31332.275,7,51.749155,-8.063530,48.00,3.135,0.000001797883,3.81
02,08,21,08,47,12,31632.775,6,51.749104,-8.064407,50.00,3.115,0.000001395912,3.81
02,08,21,08,52,12,31932.775,7,51.748978,-8.065182,33.00,2.765,0.000003682020,3.81
02,08,21,08,57,14,32234.775,6,51.748751,-8.065231,25.50,2.600,0.000001741995,3.81
02,08,21,09,02,15,32535.280,7,51.748581,-8.065126,38.00,2.945,0.000004505759,3.81
02,08,21,09,07,15,32835.785,6,51.748466,-8.064670,53.25,3.205,0.000001140460,3.81
02,08,21,09,12,15,33135.775,7,51.748742,-8.065131,42.50,2.910,0.000003627117,3.81
02,08,21,09,17,17,33437.280,8,51.748948,-8.065246,48.25,2.880,0.000005170116,3.81
02,08,21,09,22,17,33737.780,6,51.749064,-8.065240,50.25,3.015,0.000002442565,3.81
02,08,21,09,27,17,34037.785,6,51.749103,-8.065924,44.25,2.850,0.000000391367,3.81
02,08,21,09,32,18,34338.790,6,51.749045,-8.066453,54.50,2.705,0.000002115822,3.81
02,08,21,09,37,21,34641.785,5,51.749135,-8.066596,32.50,2.715,0.000000559867,3.81
02,08,21,09,42,19,34939.795,7,51.749267,-8.066660,32.75,2.795,0.000004527725,3.81
02,08,21,09,47,20,35240.775,7,51.749533,-8.066536,40.50,2.825,0.000003557141,3.81
02,08,21,09,52,24,35544.795,5,51.749647,-8.066300,53.00,2.800,0.000000622223,3.81
02,08,21,09,57,22,35842.270,7,51.749577,-8.066316,33.75,3.020,0.000006043280,3.81
02,08,21,10,02,25,36145.800,5,51.749818,-8.066097,36.25,3.145,0.000000471304,3.81
02,08,21,10,07,23,36443.775,7,51.749918,-8.066133,49.50,2.850,0.000003244754,3.81
02,08,21,10,12,25,36745.750,6,51.750713,-8.066422,-38.25,2.615,0.000002384734,3.81
02,08,21,10,17,31,37051.815,5,51.751581,-8.067404,-149.75,2.665,0.000000412976,3.81
02,08,21,10,22,25,37345.785,7,51.750109,-8.065830,30.00,2.825,0.000004078637,3.81
02,08,21,10,27,26,37646.805,6,51.750291,-8.065652,29.25,2.875,0.000003277218,3.81
02,08,21,10,32,29,37949.805,6,51.750254,-8.065569,51.00,2.830,0.000000603449,3.79
02,08,21,10,37,28,38248.300,7,51.750265,-8.065614,23.25,3.030,0.000004423829,3.81
02,08,21,10,42,30,38550.910,5,51.750153,-8.064518,73.00,3.205,0.000000300474,3.81
02,08,21,10,47,29,38849.305,8,51.750627,-8.065580,59.00,3.195,0.000005343284,3.81
02,08,21,10,52,29,39149.795,6,51.750687,-8.065596,30.75,3.045,0.000003351455,3.81
02,08,21,10,57,30,39450.795,6,51.750827,-8.065553,39.75,2.720,0.000002327870,3.79
02,08,21,11,02,30,39750.790,7,51.750798,-8.065574,26.25,2.630,0.000003661283,3.79
02,08,21,11,07,31,40051.280,7,51.750831,-8.065742,35.25,2.990,0.000005522266,3.81
02,08,21,11,12,32,40352.290,7,51.753425,-8.086661,22.25,3.465,0.000003813535,3.79
02,08,21,11,17,31,40651.405,6,51.753644,-8.085180,45.75,3.585,0.000000523988,3.81
02,08,21,11,22,31,40951.805,7,51.753811,-8.086103,43.50,3.165,0.000002358990,3.81
02,08,21,11,29,32,41372.935,6,51.754026,-8.085984,46.00,2.660,0.000001811837,3.79
02,08,21,11,34,32,41672.310,8,51.754066,-8.085875,45.25,2.870,0.000002649171,3.79
02,08,21,11,39,32,41972.310,8,51.754196,-8.085660,51.25,3.415,0.000002013162,3.79
02,08,21,11,44,32,42272.815,7,51.754201,-8.085468,49.50,9999.999,0.000001683124,3.81
02,08,21,11,49,33,42573.305,7,51.754136,-8.085524,54.25,3.060,0.000001893426,3.81
02,08,21,11,56,31,42991.890,8,51.754167,-8.085439,40.75,2.920,0.000002061481,3.79
02,08,21,12,01,31,43291.790,7,51.754070,-8.085887,62.00,2.770,0.000002147346,3.81
02,08,21,12,06,32,43592.310,8,51.777881,-8.053705,64.50,2.975,0.000004274297,3.79
02,08,21,12,11,32,43892.795,6,51.784280,-8.039878,44.50,3.155,0.000000476279,3.79
02,08,21,12,16,34,44194.815,6,51.790929,-8.042333,46.50,2.895,0.000001026439,3.79
02,08,21,12,21,34,44494.315,7,51.785365,-8.038600,49.75,2.935,0.000004436932,3.79
02,08,21,12,26,52,44812.935,0,0.000000,0.000000,0.00,9999.999,9999.999000000000,3.79
02,08,21,12,31,41,45101.815,7,51.790103,-8.056772,51.50,3.085,0.000005069555,3.79
02,08,21,12,36,43,45403.825,6,51.790184,-8.056523,63.75,2.895,0.000001136337,3.79
02,08,21,12,41,46,45706.825,5,51.790217,-8.056506,51.50,2.730,0.000000440163,3.79
02,08,21,12,46,44,46004.830,7,51.790083,-8.056597,47.25,2.745,0.000003955055,3.79
02,08,21,12,51,48,46308.835,5,51.789959,-8.056316,70.50,2.840,0.000000259995,3.79
02,08,21,12,56,49,46609.830,5,51.789945,-8.056534,74.75,2.880,0.000000225296,3.79
02,08,21,13,01,47,46907.830,6,51.789998,-8.056850,23.75,2.850,0.000002152896,3.79
02,08,21,13,06,49,47209.330,6,51.790069,-8.056882,51.75,3.065,0.000001038631,3.81
02,08,21,13,11,49,47509.875,6,51.790192,-8.055982,20.00,3.210,0.000001298451,3.79
02,08,21,13,16,50,47810.620,6,51.787675,-8.053846,-42.25,2.820,0.000001223477,3.79
02,08,21,13,21,51,48111.850,6,51.788026,-8.051726,0.50,2.540,0.000002253218,3.79
02,08,21,13,26,51,48411.830,8,51.790349,-8.050708,46.00,2.700,0.000004578329,3.79
02,08,21,13,31,51,48711.810,6,51.794560,-8.035934,6.50,2.900,0.000003104950,3.79
02,08,21,13,36,53,49013.220,7,51.794352,-8.036343,-10.00,3.115,0.000003040124,3.79
02,08,21,13,41,52,49312.335,9,51.778821,-8.021985,56.00,3.385,0.000004446409,3.79
02,08,21,13,46,52,49612.795,7,51.776978,-8.024238,8.25,3.200,0.000004165476,3.79
02,08,21,13,51,53,49913.300,6,51.784426,-8.006160,15.25,2.955,0.000002997033,3.79
02,08,21,13,56,54,50214.305,6,51.784799,-8.005643,21.00,3.180,0.000004975447,3.79
02,08,21,14,01,53,50513.820,7,51.784371,-8.010368,33.75,3.175,0.000005726177,3.79
02,08,21,14,06,55,50815.825,6,51.779783,-8.003025,30.25,2.820,0.000005004985,3.79
02,08,21,14,11,55,51115.830,7,51.779386,-8.002325,23.00,2.650,0.000006061829,3.79
02,08,21,14,16,56,51416.350,7,51.781921,-7.997064,76.75,3.005,0.000004486983,3.79
02,08,21,14,21,56,51716.325,7,51.778479,-7.999859,51.25,3.515,0.000007408132,3.79
02,08,21,14,26,56,52016.355,6,51.778301,-8.000009,88.25,3.595,0.000000951281,3.79
02,08,21,14,31,57,52317.815,6,51.778108,-8.000187,14.25,3.125,0.000004484627,3.79
02,08,21,14,36,58,52618.345,7,51.777530,-8.000232,41.00,9999.999,0.000005925836,3.79
02,08,21,14,42,00,52920.825,5,51.777259,-7.999956,45.50,3.085,0.000000359555,3.79
02,08,21,14,46,58,53218.345,8,51.777013,-8.000192,43.25,3.065,0.000006256376,3.79
02,08,21,14,51,59,53519.855,6,51.776794,-7.999958,56.25,3.090,0.000002937349,3.79
02,08,21,14,57,00,53820.840,6,51.776450,-7.999827,20.25,2.860,0.000008411826,3.79
02,08,21,15,02,01,54121.830,6,51.775858,-7.999747,18.25,2.720,0.000000770002,3.79
02,08,21,15,07,01,54421.850,7,51.775695,-7.998965,23.75,2.770,0.000005620605,3.79
02,08,21,15,12,02,54722.360,7,51.775147,-7.998619,60.00,3.130,0.000005541795,3.79
02,08,21,15,17,03,55023.840,6,51.774505,-7.998428,42.00,3.280,0.000001652158,3.79
02,08,21,15,22,03,55323.850,7,51.772950,-7.994554,86.00,2.920,0.000003060711,3.79
02,08,21,15,27,03,55623.380,7,51.767934,-7.978146,49.25,2.935,0.000001478697,3.79
02,08,21,15,32,04,55924.855,5,51.763955,-7.979748,43.50,3.125,0.000000756022,3.79
02,08,21,15,37,04,56224.345,7,51.763796,-7.980066,84.75,3.195,0.000003329388,3.79
02,08,21,15,42,04,56524.845,8,51.763611,-7.980113,81.25,3.130,0.000005565487,3.79
02,08,21,15,47,07,56827.870,6,51.763298,-7.980011,47.50,2.825,0.000002170754,3.79
02,08,21,15,52,06,57126.855,8,51.762988,-7.980470,72.50,2.710,0.000005742852,3.79
02,08,21,15,57,07,57427.860,7,51.762704,-7.980607,47.50,2.800,0.000002688315,3.79
02,08,21,16,02,13,57733.200,5,51.762035,-7.982587,17.25,3.075,0.000000472833,3.79
02,08,21,16,07,09,58029.875,5,51.762086,-7.980713,67.25,3.175,0.000000120621,3.79
02,08,21,16,12,10,58330.865,6,51.761781,-7.981224,43.75,2.920,0.000003857524,3.79
02,08,21,16,17,11,58631.850,6,51.761586,-7.981462,69.00,2.730,0.000001960428,3.79
02,08,21,16,22,10,58930.870,7,51.770104,-7.990419,24.00,2.765,0.000001656037,3.79
02,08,21,16,27,11,59231.375,6,51.791779,-8.013540,31.75,3.140,0.000000716359,3.77
02,08,21,16,33,29,59609.290,4,51.792240,-8.013240,31.00,3.520,0.000001767643,3.79
02,08,21,16,38,29,59909.870,5,51.791981,-8.013267,70.50,3.270,0.000000466522,3.79
02,08,21,16,43,30,60210.860,4,51.791752,-8.012774,31.00,2.740,0.000000586788,3.79
02,08,21,16,48,29,60509.880,5,51.791712,-8.012200,60.50,2.605,0.000000383099,3.79
02,08,21,16,53,32,60812.875,4,51.791706,-8.011936,60.00,2.810,0.000000649299,3.79
02,08,21,16,58,31,61111.880,5,51.791478,-8.011282,51.75,2.980,0.000000527881,3.79
02,08,21,17,03,32,61412.870,5,51.791169,-8.010583,44.75,2.960,0.000000074794,3.79
02,08,21,17,08,33,61713.890,5,51.790930,-8.009652,67.00,2.870,0.000000377814,3.79
02,08,21,17,13,36,62016.870,4,51.790739,-8.009003,67.00,2.835,0.000000465718,3.79
02,08,21,17,18,34,62314.395,6,51.790433,-8.007789,59.50,3.115,0.000001491559,3.77
02,08,21,17,23,34,62614.865,6,51.790378,-8.007499,73.25,3.270,0.000003125926,3.79
02,08,21,17,28,35,62915.880,5,51.789995,-8.006378,60.50,2.950,0.000000109390,3.79
02,08,21,17,33,36,63216.880,5,51.789760,-8.005426,43.25,2.720,0.000000676389,3.79
02,08,21,17,38,36,63516.880,6,51.788193,-7.999064,60.50,2.765,0.000001675605,3.79
02,08,21,17,43,37,63817.875,6,51.788020,-7.997246,50.00,2.900,0.000001780269,3.79
02,08,21,17,48,39,64119.390,6,51.787681,-7.995717,91.25,3.200,0.000000952472,3.79
02,08,21,17,53,38,64418.880,6,51.787367,-7.994378,52.50,3.285,0.000001750285,3.77
02,08,21,17,58,39,64719.385,6,51.786763,-7.993255,55.25,3.175,0.000005545093,3.79
02,08,21,18,03,39,65019.885,6,51.786495,-7.992216,76.25,3.080,0.000002928504,3.77
02,08,21,18,08,40,65320.380,6,51.786354,-7.991211,66.50,3.085,0.000002117764,3.77
02,08,21,18,13,40,65620.385,6,51.785982,-7.990116,78.75,3.385,0.000002804455,3.77
02,08,21,18,18,40,65920.385,7,51.785712,-7.988864,66.00,3.535,0.000004802073,3.77
02,08,21,18,23,41,66221.385,6,51.785479,-7.987867,104.50,3.460,0.000002791859,3.77
02,08,21,18,28,41,66521.380,6,51.785093,-7.986908,103.50,3.345,0.000001893459,3.77
02,08,21,18,33,41,66821.375,6,51.785069,-7.986161,60.25,3.320,0.000002903225,3.79
02,08,21,18,38,40,67120.380,7,51.785154,-7.985183,82.00,3.365,0.000002308397,3.77
02,08,21,18,43,40,67420.385,7,51.785173,-7.984229,77.00,3.405,0.000003455367,3.79
02,08,21,18,48,41,67721.875,5,51.785034,-7.983402,77.50,3.150,0.000000334923,3.79
02,08,21,18,53,41,68021.390,9,51.784952,-7.982716,66.50,3.005,0.000003689673,3.79
02,08,21,18,58,41,68321.875,6,51.782305,-7.979057,91.00,3.060,0.000003363911,3.79
02,08,21,19,03,42,68622.380,6,51.782281,-7.978672,58.25,3.155,0.000000595587,3.77
02,08,21,19,08,45,68925.895,5,51.782261,-7.977849,79.75,3.185,0.000000423984,3.77
02,08,21,19,15,39,69339.995,6,51.782362,-7.965728,86.50,2.960,0.000000908850,3.79
02,08,21,19,20,40,69640.380,6,51.782851,-7.954124,68.25,3.075,0.000002917947,3.77
02,08,21,19,25,40,69940.385,6,51.783096,-7.953407,66.50,3.440,0.000003091025,3.77
02,08,21,19,30,40,70240.380,9,51.781581,-7.965961,88.50,3.565,0.000005066349,3.77
02,08,21,19,35,40,70540.885,9,51.770820,-7.994307,69.50,3.195,0.000006857649,3.77
02,08,21,19,40,45,70845.455,6,51.772754,-7.993180,29.75,2.985,0.000001754844,3.77
02,08,21,19,45,46,71146.395,6,51.781725,-7.982670,45.75,3.320,0.000001504354,3.77
02,08,21,19,50,45,71445.400,6,51.782499,-7.983196,49.25,3.565,0.000000739678,3.77
02,08,21,19,55,45,71745.405,8,51.772073,-8.000215,48.75,3.525,0.000004499112,3.77
02,08,21,20,00,45,72045.895,7,51.765911,-8.007326,42.50,3.130,0.000001610389,3.77
02,08,21,20,05,47,72347.890,6,51.779371,-8.007097,40.25,2.695,0.000001269082,3.77
02,08,21,20,10,46,72646.405,6,51.781974,-8.027283,48.75,2.930,0.000005048650,3.77
02,08,21,20,15,46,72946.410,6,51.775067,-8.058314,46.50,3.525,0.000000228221,3.77
02,08,21,20,20,46,73246.905,7,51.789888,-8.096110,45.00,9999.999,0.000001791321,3.77
02,08,21,20,25,47,73547.915,7,51.786368,-8.108316,51.50,2.910,0.000001618856,3.77
02,08,21,20,30,48,73848.910,7,51.786288,-8.108126,36.50,2.605,0.000001323942,3.77
02,08,21,20,35,52,74152.935,5,51.786264,-8.107658,19.25,2.770,0.000000243379,3.77
02,08,21,20,40,51,74451.420,7,51.786403,-8.107276,55.75,3.260,0.000001868227,3.77
02,08,21,20,45,53,74753.930,5,51.786267,-8.107021,26.25,3.420,0.000000332368,3.77
02,08,21,20,50,52,75052.420,6,51.786249,-8.106948,41.25,3.255,0.000001512328,3.77
02,08,21,20,55,52,75352.425,6,51.786245,-8.106585,43.25,3.340,0.000001886142,3.77
02,08,21,21,00,51,75651.960,7,51.786227,-8.106098,49.00,3.235,0.000001911676,3.79
02,08,21,21,05,51,75951.915,7,51.786559,-8.106356,46.50,2.885,0.000002091847,3.77
02,08,21,21,10,53,76253.905,5,51.786595,-8.106241,45.50,2.735,0.000001966185,3.77
02,08,21,21,15,53,76553.415,6,51.786612,-8.105829,53.25,3.085,0.000001520838,3.79
02,08,21,21,20,54,76854.925,6,51.786506,-8.105043,41.25,3.345,0.000001448670,3.79
02,08,21,21,25,54,77154.925,8,51.786649,-8.103578,50.25,3.055,0.000003016441,3.77
02,08,21,21,30,56,77456.425,7,51.786681,-8.102254,54.25,3.030,0.000001500799,3.77
02,08,21,21,35,55,77755.920,7,51.787162,-8.101347,56.25,3.160,0.000001212284,3.77
02,08,21,21,42,57,78177.080,6,51.790357,-8.104816,45.75,3.065,0.000002000375,3.77
02,08,21,21,49,58,78598.075,6,51.790211,-8.104567,83.00,3.030,0.000000803360,3.77
02,08,21,21,54,58,78898.430,6,51.790212,-8.108359,49.75,3.235,0.000001882998,3.77
02,08,21,21,59,58,79198.435,7,51.790296,-8.108039,48.75,3.535,0.000001402519,3.77
02,08,21,22,04,58,79498.945,6,51.790299,-8.107696,61.00,3.340,0.000001513727,3.77
02,08,21,22,09,59,79799.430,7,51.790329,-8.107269,46.50,3.090,0.000001289225,3.79
02,08,21,22,14,59,80099.940,7,51.790316,-8.106793,40.25,3.060,0.000001270807,3.77
02,08,21,22,20,00,80400.940,7,51.790362,-8.106569,40.00,2.925,0.000001798536,3.77
02,08,21,22,25,01,80701.945,7,51.790421,-8.106408,40.00,2.875,0.000001585802,3.77
02,08,21,22,30,02,81002.945,6,51.790409,-8.106188,40.25,2.920,0.000000783474,3.77
02,08,21,22,35,04,81304.820,5,51.790967,-8.106440,88.25,2.905,0.000000586832,3.77
02,08,21,22,40,04,81604.955,6,51.790195,-8.105341,32.75,2.880,0.000000889856,3.77
02,08,21,22,45,07,81907.070,5,51.789595,-8.104242,-14.00,3.000,0.000000450581,3.77
02,08,21,22,50,06,82206.440,6,51.790017,-8.104612,53.75,3.315,0.000002747257,3.77
02,08,21,22,55,07,82507.445,6,51.789990,-8.104199,43.75,3.600,0.000002364809,3.77
02,08,21,23,00,06,82806.410,6,51.790067,-8.104125,64.75,3.570,0.000003198005,3.77
02,08,21,23,05,06,83106.430,6,51.789922,-8.103740,53.00,3.405,0.000000840675,3.77
02,08,21,23,10,06,83406.445,8,51.789693,-8.103266,46.50,3.355,0.000000796065,3.77
02,08,21,23,15,06,83706.445,8,51.789537,-8.103045,61.00,3.420,0.000005943795,3.77
02,08,21,23,20,06,84006.450,8,51.789437,-8.102633,43.25,3.480,0.000001944063,3.77
02,08,21,23,25,07,84307.950,5,51.789251,-8.102537,17.75,3.230,0.000000428442,3.77
02,08,21,23,30,07,84607.440,8,51.789111,-8.102319,34.00,3.070,0.000001529251,3.77
02,08,21,23,35,07,84907.950,7,51.789055,-8.102167,35.25,3.115,0.000002972840,3.77
02,08,21,23,40,08,85208.435,7,51.788902,-8.102253,16.75,3.215,0.000001982851,3.77
02,08,21,23,45,08,85508.445,8,51.788781,-8.102009,42.50,3.490,0.000003567229,3.77
02,08,21,23,50,08,85808.960,6,51.788716,-8.101817,37.75,3.340,0.000002018204,3.77
02,08,21,23,55,09,86109.460,6,51.788691,-8.101825,49.50,3.135,0.000000747748,3.77
03,08,21,00,00,09,9.455,7,51.788600,-8.101864,36.75,3.355,0.000003410689,3.77
03,08,21,00,05,09,309.965,8,51.788584,-8.101836,40.50,3.320,0.000001490544,3.77
03,08,21,00,10,10,610.460,7,51.788502,-8.101854,20.50,3.195,0.000004525918,3.79
03,08,21,00,15,10,910.965,7,51.788518,-8.101787,35.25,3.150,0.000002015569,3.77
03,08,21,00,20,11,1211.970,8,51.788556,-8.101862,35.75,2.945,0.000003185398,3.77
03,08,21,00,25,13,1513.475,6,51.788526,-8.101843,33.50,3.120,0.000001956016,3.77
03,08,21,00,30,12,1812.960,7,51.788509,-8.101914,49.00,3.305,0.000006334616,3.77
03,08,21,00,35,14,2114.475,7,51.788537,-8.102050,28.50,3.310,0.000001701233,3.77
03,08,21,00,40,14,2414.970,6,51.788570,-8.102070,37.75,3.225,0.000002229812,3.77
03,08,21,00,45,14,2714.465,7,51.788597,-8.102254,74.25,3.175,0.000003135072,3.77
03,08,21,00,50,15,3015.965,6,51.788643,-8.102592,70.25,3.190,0.000003166600,3.77
03,08,21,00,55,15,3315.970,7,51.789541,-8.102530,43.75,2.975,0.000002973341,3.77
03,08,21,01,00,16,3616.965,7,51.789534,-8.102665,62.50,2.860,0.000005289576,3.77
03,08,21,01,05,20,3920.990,5,51.789639,-8.102373,57.75,2.920,0.000001033554,3.77
03,08,21,01,10,19,4219.990,6,51.789511,-8.102357,50.75,3.020,0.000004277979,3.77
03,08,21,01,15,22,4522.990,5,51.789217,-8.102349,1.50,3.040,0.000000944394,3.77
03,08,21,01,20,20,4820.970,7,51.789512,-8.102545,62.75,2.990,0.000006155889,3.77
03,08,21,01,25,22,5122.970,6,51.789673,-8.102600,48.50,2.945,0.000006105675,3.77
03,08,21,01,30,23,5423.975,6,51.789614,-8.102546,38.25,2.950,0.000004178529,3.77
03,08,21,01,35,27,5727.020,5,51.789737,-8.102242,76.50,3.000,0.000000133160,3.77
03,08,21,01,40,26,6026.970,5,51.789551,-8.102847,57.25,3.020,0.000001336042,3.77
03,08,21,01,45,27,6327.960,5,51.789547,-8.103360,88.75,2.975,0.000000521297,3.77
03,08,21,01,50,29,6629.005,5,51.789716,-8.103033,68.25,2.960,0.000000137148,3.77
03,08,21,01,55,29,6930.000,5,51.789671,-8.103388,72.00,2.995,0.000000332114,3.77
03,08,21,02,00,31,7231.475,5,51.789630,-8.103877,68.50,3.255,0.000000739733,3.77
03,08,21,02,05,28,7528.985,6,51.789619,-8.103938,45.50,3.360,0.000002577790,3.77
03,08,21,02,10,37,7837.520,5,51.789587,-8.104046,78.25,3.305,0.000000064749,3.77
03,08,21,02,15,29,8129.475,7,51.789549,-8.104295,61.50,3.470,0.000002206305,3.77
03,08,21,02,20,29,8429.480,6,51.789557,-8.104508,70.50,3.560,0.000002414876,3.77
03,08,21,02,25,28,8728.980,7,51.789412,-8.104738,63.75,3.275,0.000002838644,3.77
03,08,21,02,30,30,9030.965,6,51.789193,-8.104959,39.00,2.830,0.000002028879,3.77
03,08,21,02,35,33,9333.980,6,51.789255,-8.105149,64.75,2.750,0.000004018543,3.77
03,08,21,02,40,34,9634.990,5,51.789676,-8.105536,8.75,2.945,0.000001306460,3.77
03,08,21,02,45,34,9934.965,6,51.789350,-8.105696,44.25,3.075,0.000000989369,3.77
03,08,21,02,50,33,10233.975,5,51.789394,-8.105847,55.50,3.035,0.000001175279,3.77
03,08,21,02,55,36,10536.975,5,51.789194,-8.105891,42.75,2.955,0.000000931815,3.77
03,08,21,03,00,34,10834.445,6,51.788963,-8.106261,12.75,3.170,0.000000839444,3.77
03,08,21,03,05,34,11134.470,7,51.788970,-8.106331,41.50,3.565,0.000003230320,3.77
03,08,21,03,10,37,11437.985,6,51.788880,-8.106501,60.00,3.425,0.000002622887,3.77
03,08,21,03,15,38,11738.965,5,51.788583,-8.106451,59.75,2.905,0.000000296512,3.75
03,08,21,03,20,37,12037.985,6,51.788712,-8.106778,49.00,2.715,0.000002322124,3.77
03,08,21,03,25,37,12337.485,7,51.788639,-8.106959,56.50,3.140,0.000001881009,3.77
03,08,21,03,30,37,12637.990,7,51.788586,-8.107332,48.50,3.450,0.000001449380,3.75
03,08,21,03,35,39,12939.990,5,51.788517,-8.107444,35.75,3.145,0.000000176784,3.77
03,08,21,03,40,40,13240.985,6,51.788439,-8.107738,41.25,2.835,0.000002025412,3.75
03,08,21,03,45,39,13539.495,6,51.788387,-8.107985,43.50,3.085,0.000000550364,3.77
03,08,21,03,50,39,13839.495,7,51.788337,-8.108202,46.75,3.620,0.000001723780,3.77
03,08,21,03,55,40,14140.490,6,51.788306,-8.108506,50.50,3.760,0.000001967991,3.77
03,08,21,04,00,40,14440.490,7,51.788291,-8.108769,49.50,3.560,0.000003196668,3.77
03,08,21,04,05,41,14741.010,6,51.788230,-8.108909,30.25,3.150,0.000002851840,3.77
03,08,21,04,10,41,15041.500,6,51.788298,-8.109253,36.50,3.050,0.000001295500,3.77
03,08,21,04,15,44,15344.020,6,51.788326,-8.109381,18.50,3.210,0.000002179786,3.75
03,08,21,04,20,42,15642.480,8,51.783317,-8.102825,70.50,3.330,0.000006730814,3.75
03,08,21,04,25,43,15943.040,5,51.783507,-8.101623,66.00,3.320,0.000000409289,3.77
03,08,21,04,30,43,16243.520,6,51.782888,-8.101648,52.75,3.275,0.000003101408,3.77
03,08,21,04,35,43,16543.505,7,51.782153,-8.101715,47.25,3.490,0.000004341173,3.75
03,08,21,04,40,45,16845.530,6,51.781864,-8.101436,60.50,3.625,0.000003569146,3.77
03,08,21,04,45,43,17143.015,6,51.781810,-8.101684,60.75,3.340,0.000002104817,3.75
03,08,21,04,50,45,17445.020,5,51.781874,-8.102035,105.00,2.875,0.000000403628,3.77
03,08,21,04,55,45,17745.985,6,51.781032,-8.103059,64.50,2.770,0.000004914740,3.77
03,08,21,05,00,49,18049.010,5,51.773733,-8.118306,90.75,2.945,0.000000073300,3.75
03,08,21,05,05,50,18350.005,5,51.773669,-8.118092,97.00,3.095,0.000000363186,3.75
03,08,21,05,10,50,18650.525,6,51.773420,-8.117521,64.00,3.340,0.000003544476,3.77
03,08,21,05,15,51,18951.020,5,51.773227,-8.117152,85.75,3.395,0.000000811751,3.75
03,08,21,05,20,50,19250.005,6,51.773177,-8.116942,64.00,3.040,0.000004591009,3.75
03,08,21,05,25,50,19550.510,7,51.772994,-8.116348,55.50,3.080,0.000003662798,3.77
03,08,21,05,30,50,19850.010,7,51.772784,-8.116004,59.00,3.280,0.000002980035,3.75
03,08,21,05,35,51,20152.000,6,51.772561,-8.115448,29.75,3.105,0.000001926591,3.77
03,08,21,05,40,53,20453.995,5,51.772359,-8.115027,28.50,2.910,0.000001727457,3.77
03,08,21,05,45,58,20758.480,6,51.772096,-8.115060,17.75,3.140,0.000009374364,3.77
03,08,21,05,50,51,21051.510,7,51.772079,-8.114401,49.25,3.610,0.000003808150,3.77
03,08,21,05,55,55,21355.010,5,51.771798,-8.114010,37.50,3.495,0.000000393274,3.77
03,08,21,06,01,01,21661.505,6,51.771742,-8.113786,59.50,3.200,0.000004621916,3.77
03,08,21,06,05,56,21956.010,5,51.771607,-8.113170,21.50,3.110,0.000001473603,3.75
03,08,21,06,10,54,22254.010,7,51.771951,-8.110670,42.50,2.965,0.000001805393,3.77
03,08,21,06,15,54,22554.515,7,51.791722,-8.078240,49.00,3.190,0.000003306238,3.75
03,08,21,06,21,43,22903.760,6,51.787167,-8.057473,24.00,3.750,0.000002815061,3.75
03,08,21,06,26,41,23201.520,7,51.797351,-8.030676,36.50,3.920,0.000001827645,3.75
03,08,21,06,31,43,23503.020,6,51.780889,-8.019209,53.75,3.355,0.000002854022,3.77
03,08,21,06,36,43,23803.015,7,51.780392,-8.019325,42.00,2.735,0.000002461046,3.75
03,08,21,06,41,45,24105.995,5,51.779531,-8.019725,-51.75,2.695,0.000000971690,3.75
03,08,21,06,46,44,24404.025,7,51.779949,-8.019338,45.75,2.990,0.000001362696,3.75
03,08,21,06,51,46,24706.020,6,51.779027,-7.982703,44.75,3.170,0.000002078319,3.77
03,08,21,06,56,45,25005.520,7,51.769968,-7.961737,43.25,3.360,0.000003065694,3.77
03,08,21,07,01,46,25306.530,7,51.768584,-7.959414,49.50,3.620,0.000002287764,3.75
03,08,21,07,06,47,25607.020,6,51.768477,-7.959803,36.50,3.405,0.000002232168,3.77
03,08,21,07,11,47,25907.035,7,51.768569,-7.960370,56.75,2.920,0.000002989795,3.75
03,08,21,07,16,49,26209.040,6,51.768509,-7.960899,52.00,2.795,0.000002527029,3.75
03,08,21,07,21,52,26512.045,5,51.768611,-7.961483,77.25,2.980,0.000000256342,3.75
03,08,21,07,26,58,26818.510,5,51.768531,-7.962466,68.50,3.370,0.000000974526,3.77
03,08,21,07,31,50,27110.540,8,51.762704,-7.981510,53.50,3.720,0.000001950687,3.75
03,08,21,07,36,49,27409.540,7,51.774901,-8.014281,48.25,3.715,0.000004935575,3.75
03,08,21,07,42,19,27739.185,7,51.777920,-8.019057,48.50,3.360,0.000001474068,3.75
03,08,21,07,47,36,28056.990,4,51.777402,-8.018170,48.00,2.910,0.000000682015,3.75
03,08,21,07,52,37,28357.210,4,51.776719,-8.015986,48.00,2.875,0.000000626824,3.75
03,08,21,07,57,29,28649.035,5,51.777213,-8.018267,54.75,3.105,0.000001174524,3.75
03,08,21,08,02,35,28955.995,6,51.777064,-8.018796,40.00,3.630,0.000001891669,3.75
03,08,21,08,07,30,29250.020,5,51.777486,-8.018483,3.25,9999.999,0.000001637089,3.75
03,08,21,08,12,29,29549.040,6,51.776638,-8.018952,54.00,3.030,0.000002736851,3.75
03,08,21,08,17,31,29851.930,5,51.778116,-8.018782,-50.25,2.685,0.000000455394,3.75
03,08,21,08,22,33,30153.035,5,51.776613,-8.019032,39.00,2.810,0.000000369317,3.77
03,08,21,08,27,34,30454.110,5,51.776249,-8.018357,51.00,3.135,0.000000251414,3.77
03,08,21,08,32,34,30754.975,5,51.776253,-8.019931,68.25,3.205,0.000001046851,3.75
03,08,21,08,37,36,31056.035,5,51.776162,-8.018933,31.75,3.040,0.000000704066,3.75
03,08,21,08,42,35,31355.040,6,51.775765,-8.019272,28.50,2.955,0.000001689389,3.75
03,08,21,08,47,35,31655.045,7,51.775478,-8.019309,33.75,3.000,0.000005107644,3.75
03,08,21,08,52,35,31955.050,7,51.775389,-8.019490,54.75,3.070,0.000001340665,3.75
03,08,21,08,57,36,32256.050,7,51.775422,-8.019971,35.00,3.085,0.000004982726,3.75
03,08,21,09,02,37,32557.535,7,51.775388,-8.020172,23.75,3.300,0.000006304379,3.75
03,08,21,09,07,37,32857.040,7,51.775285,-8.020391,33.75,3.395,0.000003740623,3.75
03,08,21,09,12,39,33159.045,6,51.775084,-8.020647,47.75,3.090,0.000001075636,3.75
03,08,21,09,17,39,33459.550,7,51.775283,-8.020919,58.00,3.145,0.000002394009,3.75
03,08,21,09,22,39,33759.055,7,51.775360,-8.021187,48.50,3.330,0.000002484594,3.75
03,08,21,09,27,39,34059.550,8,51.775584,-8.021491,32.75,3.395,0.000006701014,3.75
03,08,21,09,32,40,34360.045,8,51.775912,-8.021561,35.75,3.330,0.000004891347,3.75
03,08,21,09,37,40,34660.550,7,51.776075,-8.021723,39.00,3.265,0.000004507946,3.75
03,08,21,09,42,42,34962.055,6,51.776088,-8.022093,47.50,3.270,0.000001971019,3.75
03,08,21,09,47,40,35260.540,7,51.776446,-8.022715,1.75,3.300,0.000002316220,3.75
03,08,21,09,52,42,35562.060,6,51.776395,-8.023032,43.50,3.315,0.000001747449,3.75
03,08,21,09,57,42,35862.035,7,51.776658,-8.023535,42.75,3.055,0.000003184354,3.75
03,08,21,10,02,46,36166.055,6,51.777255,-8.023192,17.00,2.915,0.000001663132,3.75
03,08,21,10,07,43,36463.565,7,51.777626,-8.022760,10.25,3.240,0.000002726547,3.75
03,08,21,10,12,47,36767.030,5,51.778210,-8.023395,3.50,3.460,0.000000897445,3.75
03,08,21,10,17,48,37068.080,5,51.778165,-8.023420,46.50,3.165,0.000000679897,3.75
03,08,21,10,22,46,37366.545,7,51.778279,-8.024192,43.50,3.165,0.000003478401,3.75
03,08,21,10,27,47,37667.065,6,51.778425,-8.024561,45.00,3.305,0.000002955377,3.75
03,08,21,10,32,47,37967.055,7,51.778695,-8.025254,33.75,3.130,0.000004582912,3.75
03,08,21,10,37,49,38269.070,6,51.779041,-8.025287,32.50,2.975,0.000002576209,3.75
03,08,21,10,42,48,38568.565,7,51.782484,-8.021086,36.25,3.240,0.000002176221,3.75
03,08,21,10,47,52,38872.130,5,51.786533,-8.006776,49.25,3.480,0.000000277093,3.75
03,08,21,10,52,49,39169.570,7,51.786684,-8.007320,43.25,3.470,0.000003355614,3.73
03,08,21,10,57,49,39469.570,8,51.786736,-8.007165,33.00,3.565,0.000001321743,3.75
03,08,21,11,02,51,39771.065,6,51.786606,-8.006981,41.00,3.365,0.000002684651,3.75
03,08,21,11,07,51,40071.665,6,51.786519,-8.006021,56.50,3.265,0.000000733846,3.75
03,08,21,11,12,52,40372.145,6,51.786323,-8.006525,50.75,3.355,0.000000314923,3.75
03,08,21,11,17,52,40672.075,7,51.786280,-8.007676,40.75,3.155,0.000003520335,3.75
03,08,21,11,22,52,40972.575,7,51.786116,-8.007986,38.00,3.225,0.000002034744,3.75
03,08,21,11,27,53,41273.575,8,51.785891,-8.008042,41.75,3.610,0.000001978704,3.75
03,08,21,11,32,53,41573.070,7,51.786129,-8.007749,30.50,3.515,0.000001289039,3.75
03,08,21,11,37,53,41873.585,8,51.786061,-8.007661,50.50,3.280,0.000001612819,3.75
03,08,21,11,42,55,42175.050,5,51.786014,-8.008079,54.25,3.200,0.000000425247,3.75
03,08,21,11,49,23,42563.060,7,51.797997,-7.993838,33.00,3.015,0.000000614216,3.75
03,08,21,11,54,24,42864.085,6,51.798225,-7.994042,53.75,2.980,0.000001088490,3.75
03,08,21,11,59,24,43164.580,6,51.796535,-7.995302,42.75,3.315,0.000000654320,3.75
03,08,21,12,04,24,43464.545,6,51.797240,-7.995883,52.75,3.730,0.000003536647,3.75
03,08,21,12,09,25,43765.070,7,51.797010,-7.996430,55.25,3.515,0.000001070878,3.75
03,08,21,12,14,29,44069.065,4,51.797490,-7.996366,55.00,2.960,0.000000366603,3.75
03,08,21,12,19,26,44366.580,6,51.797447,-7.996296,53.00,9999.999,0.000000530207,3.75
03,08,21,12,24,27,44667.080,6,51.797277,-7.996571,63.50,3.330,0.000001864657,3.75
03,08,21,12,29,28,44968.080,6,51.797262,-7.996521,49.75,3.265,0.000002335164,3.75
03,08,21,12,34,28,45268.585,7,51.796610,-7.994632,54.25,3.300,0.000000838948,3.75
03,08,21,12,39,28,45568.570,7,51.797308,-7.994746,40.25,3.595,0.000002260643,3.75
03,08,21,12,44,28,45868.575,7,51.797589,-7.994385,41.75,3.720,0.000003339685,3.75
03,08,21,12,49,29,46169.020,7,51.797567,-7.994960,-2.75,3.360,0.000002818471,3.75
03,08,21,12,56,30,46590.220,6,51.797740,-7.994659,43.25,2.940,0.000000788685,3.75
03,08,21,13,01,51,46911.690,6,51.797687,-7.994871,71.50,3.245,0.000003165882,3.75
03,08,21,13,06,51,47211.595,8,51.797669,-7.994549,36.50,3.795,0.000002239660,3.75
03,08,21,13,11,51,47511.595,7,51.800152,-7.993397,51.50,3.870,0.000002752920,3.75
03,08,21,13,16,51,47811.600,7,51.800086,-7.992632,34.50,3.635,0.000004069775,3.75
03,08,21,13,21,53,48113.325,5,51.800673,-7.990218,55.00,3.345,0.000001556031,3.75
03,08,21,13,26,53,48413.605,6,51.799753,-7.992978,19.50,3.320,0.000002814842,3.75
03,08,21,13,31,54,48714.060,6,51.799208,-7.993803,12.00,3.320,0.000004108672,3.75
03,08,21,13,36,54,49014.080,6,51.796807,-7.993195,23.00,3.070,0.000003219676,3.75
03,08,21,13,43,09,49389.500,5,51.799041,-7.993128,134.50,3.165,0.000000152383,3.75
03,08,21,13,48,18,49698.165,2,0.000000,0.000000,0.00,9999.999,9999.999000000000,3.75
03,08,21,13,53,07,49987.105,6,51.798595,-7.993416,27.75,3.350,0.000003649752,3.75
03,08,21,13,58,08,50288.060,7,51.798623,-7.993949,30.00,3.175,0.000005898437,3.75
03,08,21,14,03,09,50589.085,6,51.798780,-7.994027,36.25,2.985,0.000006418478,3.75
03,08,21,14,08,10,50890.075,7,51.798924,-7.993917,26.25,2.985,0.000005856106,3.75
03,08,21,14,13,10,51190.575,6,51.798986,-7.993824,4.00,3.325,0.000007137110,3.75
03,08,21,14,18,26,51506.705,7,51.796704,-7.993598,30.25,3.810,0.000005679075,3.75
03,08,21,14,23,38,51818.120,7,51.795297,-7.995341,41.00,9999.999,0.000005796612,3.75
03,08,21,14,28,38,52118.590,8,51.791581,-7.987303,58.50,3.355,0.000005510751,3.73
03,08,21,14,33,38,52418.635,7,51.776265,-8.004858,23.75,3.385,0.000004578478,3.75
03,08,21,14,38,38,52718.605,7,51.770362,-8.014446,75.50,3.635,0.000002509343,3.75
03,08,21,14,43,39,53019.105,8,51.770550,-8.014617,70.25,3.480,0.000004075523,3.73
03,08,21,14,48,41,53321.080,6,51.770693,-8.015814,30.25,3.015,0.000007573937,3.75
03,08,21,14,53,40,53620.575,7,51.767669,-8.017002,47.00,3.095,0.000002088738,3.75
03,08,21,14,58,40,53920.605,7,51.763302,-8.025148,46.25,3.630,0.000007043649,3.75
03,08,21,15,03,45,54225.140,5,51.764004,-8.034114,-61.75,3.640,0.000000290134,3.75
03,08,21,15,08,43,54523.100,8,51.763590,-8.033296,26.75,3.125,0.000001333673,3.75
03,08,21,15,13,45,54825.095,6,51.764113,-8.033101,48.00,2.840,0.000002348355,3.75
03,08,21,15,18,48,55128.110,5,51.764031,-8.033027,26.25,2.960,0.000000820209,3.75
03,08,21,15,23,45,55425.590,7,51.764040,-8.033307,39.25,3.410,0.000003866673,3.75
03,08,21,15,28,45,55725.610,10,51.764588,-8.034037,69.25,3.825,0.000006294383,3.75
03,08,21,15,33,45,56025.615,7,51.764998,-8.034328,64.50,3.820,0.000001828655,3.75
03,08,21,15,38,49,56329.130,5,51.765253,-8.034088,60.50,3.370,0.000000410476,3.75
03,08,21,15,43,47,56627.110,7,51.765487,-8.034255,66.50,2.895,0.000002903335,3.75
03,08,21,15,48,48,56928.115,7,51.765901,-8.034733,38.50,2.875,0.000002950505,3.75
03,08,21,15,53,48,57228.615,8,51.766365,-8.034836,42.00,3.355,0.000003308785,3.75
03,08,21,15,58,48,57528.595,6,51.766779,-8.034602,70.00,3.845,0.000001671884,3.73
03,08,21,16,03,48,57828.615,6,51.766841,-8.034344,63.00,3.850,0.000001536526,3.75
03,08,21,16,08,50,58130.130,5,51.773875,-8.038035,16.75,3.375,0.000000753195,3.75
03,08,21,16,13,49,58429.625,6,51.792961,-8.004062,58.00,3.140,0.000000608166,3.75
03,08,21,16,18,51,58731.140,5,51.799547,-7.991458,63.25,3.265,0.000000507659,3.73
03,08,21,16,23,52,59032.125,5,51.799406,-7.991656,42.25,3.195,0.000000321460,3.75
03,08,21,16,29,01,59341.175,5,51.799750,-7.978410,65.75,3.115,0.000000159641,3.75
03,08,21,16,34,35,59675.295,5,51.800021,-7.977506,63.25,3.195,0.000000234905,3.75
03,08,21,16,39,32,59972.615,6,51.798257,-7.978485,73.75,3.495,0.000001290887,3.75
03,08,21,16,44,33,60273.095,6,51.800288,-7.980207,2.50,3.505,0.000011192992,3.75
03,08,21,16,49,37,60577.135,5,51.800438,-7.979705,64.25,3.120,0.000000416176,3.75
03,08,21,16,54,38,60878.150,4,51.800563,-7.979577,64.00,2.950,0.000000574102,3.75
03,08,21,16,59,36,61176.130,6,51.800660,-7.979658,55.50,3.055,0.000001229401,3.73
03,08,21,17,04,38,61478.135,5,51.800735,-7.979466,53.75,3.185,0.000000926053,3.75
03,08,21,17,09,39,61779.135,5,51.800443,-7.976546,59.25,3.200,0.000000326935,3.75
03,08,21,17,14,40,62080.130,5,51.800700,-7.976055,54.75,3.140,0.000000500683,3.75
03,08,21,17,19,41,62381.130,5,51.800924,-7.975698,68.50,3.100,0.000000530095,3.75
03,08,21,17,24,41,62681.130,6,51.812709,-7.960565,56.25,3.110,0.000002434375,3.75
03,08,21,17,30,00,63000.270,4,51.828058,-7.967439,56.00,3.205,0.000000478622,3.73
03,08,21,17,35,01,63301.145,5,51.827699,-7.967490,52.75,3.255,0.000000928553,3.75
03,08,21,17,40,19,63619.605,5,0.000000,0.000000,0.00,9999.999,9999.999000000000,3.73
03,08,21,17,45,49,63949.855,7,51.819929,-7.974252,51.50,3.525,0.000003959799,3.75
03,08,21,17,51,34,64294.285,4,51.830605,-7.975521,51.00,3.705,0.000000842563,3.75
03,08,21,17,56,32,64592.645,6,51.828082,-7.975272,59.75,3.555,0.000002032507,3.73
03,08,21,18,01,31,64891.645,7,51.824957,-7.965190,65.00,3.570,0.000002503304,3.73
03,08,21,18,06,32,65192.140,7,51.833900,-7.952159,66.25,3.400,0.000001559385,3.73
03,08,21,18,11,33,65493.140,7,51.837231,-7.979223,59.50,3.055,0.000003517402,3.73
03,08,21,18,16,58,65818.255,4,51.837729,-7.976491,59.00,3.025,0.000001695733,3.73
03,08,21,18,21,57,66117.135,5,51.837891,-7.976572,164.00,3.180,0.000000747144,3.73
03,08,21,18,26,57,66417.650,6,51.818956,-7.976839,110.00,3.470,0.000001388290,3.75
03,08,21,18,32,00,66720.140,6,51.813890,-7.984733,51.50,3.540,0.000000165958,3.75
03,08,21,18,36,57,67017.640,6,51.800972,-7.969666,84.50,3.425,0.000001943807,3.75
03,08,21,18,41,57,67317.685,6,51.780110,-7.963077,-22.50,3.605,0.000002286780,3.73
03,08,21,18,47,45,67665.415,5,51.772797,-7.958117,53.00,3.640,0.000000211591,3.73
03,08,21,18,52,48,67968.150,4,51.772026,-7.958603,53.00,3.300,0.000000528335,3.75
03,08,21,18,57,46,68266.650,7,51.771850,-7.958691,70.25,3.230,0.000003524412,3.73
03,08,21,19,02,47,68567.130,5,51.771786,-7.958724,100.50,3.355,0.000000999264,3.75
03,08,21,19,09,48,68988.795,5,51.771426,-7.933798,47.25,3.525,0.000000455045,3.73
03,08,21,19,14,51,69291.665,4,51.771836,-7.934700,47.00,3.815,0.000001478786,3.73
03,08,21,19,19,47,69587.645,6,51.771274,-7.934318,29.75,3.800,0.000001321169,3.73
03,08,21,19,24,51,69891.640,5,51.770993,-7.934893,88.75,3.635,0.000000176652,3.75
03,08,21,19,29,48,70188.155,7,51.770473,-7.934849,44.00,3.315,0.000004017546,3.75
03,08,21,19,34,47,70487.645,8,51.770131,-7.935027,62.75,3.240,0.000003772531,3.73
03,08,21,19,39,51,70791.150,5,51.769542,-7.934884,48.00,3.360,0.000000238547,3.75
03,08,21,19,44,50,71090.140,6,51.769021,-7.934713,29.50,3.205,0.000000685711,3.73
03,08,21,19,49,53,71393.155,5,51.768406,-7.934641,16.50,3.070,0.000000646361,3.73
03,08,21,19,54,51,71691.140,6,51.766693,-7.930241,56.25,3.080,0.000001918604,3.73
03,08,21,19,59,53,71993.160,6,51.762399,-7.878761,36.00,3.155,0.000002397757,3.73
03,08,21,20,04,53,72293.165,8,51.769783,-7.822223,46.25,3.200,0.000004941603,3.73
03,08,21,20,09,53,72593.650,6,51.780668,-7.765097,44.75,3.430,0.000001024343,3.73
03,08,21,20,14,53,72893.660,6,51.792904,-7.708795,46.75,3.770,0.000001554663,3.73
03,08,21,20,19,54,73194.180,7,51.804767,-7.650266,55.75,3.590,0.000001566466,3.73
03,08,21,20,24,54,73494.670,8,51.822457,-7.595532,44.50,3.335,0.000004648984,3.73
03,08,21,20,29,54,73794.675,7,51.834031,-7.549774,50.00,3.545,0.000002728003,3.75
03,08,21,20,34,54,74094.675,8,51.854437,-7.497435,48.50,3.780,0.000002412211,3.73
03,08,21,20,39,54,74394.670,7,51.867651,-7.441066,47.50,3.790,0.000002335267,3.73
03,08,21,20,46,56,74816.820,6,51.873141,-7.419201,49.50,3.750,0.000001539610,3.73
03,08,21,20,51,55,75115.680,7,51.875685,-7.393950,60.25,3.730,0.000005149440,3.73
03,08,21,20,56,56,75416.170,9,51.888448,-7.334450,64.50,3.415,0.000004429514,3.73
03,08,21,21,01,57,75717.675,6,51.889133,-7.321421,44.75,3.265,0.000001862548,3.75
03,08,21,21,06,56,76016.675,7,51.889183,-7.321168,53.75,3.600,0.000000711725,3.75
03,08,21,21,11,57,76317.180,7,51.889147,-7.320911,59.50,3.595,0.000001626764,3.73
03,08,21,21,17,08,76628.825,4,51.889248,-7.322519,59.00,3.000,0.000000088557,3.73
03,08,21,21,21,57,76917.680,6,51.897942,-7.272927,68.75,9999.999,0.000001778713,3.73
03,08,21,21,26,58,77218.180,8,51.917936,-7.218024,55.25,3.430,0.000001244117,3.73
03,08,21,21,31,59,77519.190,6,51.921317,-7.209467,46.00,3.400,0.000000819414,3.73
03,08,21,21,36,59,77819.700,6,51.921358,-7.208891,34.50,3.430,0.000001335365,3.73
03,08,21,21,42,03,78123.180,5,51.921466,-7.208254,49.25,3.455,0.000000876164,3.73
03,08,21,21,47,00,78420.675,6,51.921741,-7.207829,88.50,3.440,0.000005457607,3.73
03,08,21,21,52,01,78721.200,6,51.921627,-7.207036,41.00,3.430,0.000001787603,3.75
03,08,21,21,57,02,79022.190,7,51.921808,-7.206428,49.50,3.190,0.000001976090,3.73
03,08,21,22,02,02,79322.690,6,51.921929,-7.205741,45.75,3.320,0.000001257898,3.75
03,08,21,22,07,03,79623.700,6,51.921914,-7.205076,46.50,3.760,0.000001417538,3.73
03,08,21,22,12,04,79924.200,6,51.922070,-7.204428,41.75,3.670,0.000000618683,3.73
03,08,21,22,17,07,80227.190,4,51.922121,-7.203836,41.00,3.150,0.000000217025,3.73
03,08,21,22,22,05,80525.710,7,51.922195,-7.203201,50.25,9999.999,0.000002083097,3.73
03,08,21,22,27,05,80825.200,6,51.922459,-7.202621,41.00,3.455,0.000001096317,3.73
03,08,21,22,32,06,81126.205,6,51.922555,-7.201930,41.00,3.355,0.000001032357,3.75
03,08,21,22,37,07,81427.185,6,51.922351,-7.201494,59.50,3.145,0.000000454413,3.73
03,08,21,22,42,08,81728.705,7,51.937317,-7.145209,47.75,3.340,0.000001424920,3.73
03,08,21,22,47,07,82027.710,6,51.954774,-7.088651,53.75,3.805,0.000001372939,3.73
03,08,21,22,52,08,82328.205,7,51.963410,-7.029450,41.00,3.690,0.000002479123,3.73
03,08,21,22,57,09,82629.200,7,51.977803,-6.974715,52.50,3.145,0.000002057395,3.73
03,08,21,23,02,09,82929.705,8,51.997379,-6.923401,58.25,9999.999,0.000002724798,3.73
03,08,21,23,07,10,83230.205,8,52.013356,-6.869648,48.25,3.455,0.000002482459,3.73
03,08,21,23,12,10,83530.695,6,52.034678,-6.820912,55.50,3.605,0.000001773702,3.73
03,08,21,23,17,10,83830.705,7,52.039559,-6.805483,43.00,3.775,0.000001994491,3.73
03,08,21,23,22,10,84130.715,6,52.039522,-6.807153,39.50,3.795,0.000001126202,3.73
03,08,21,23,27,11,84431.205,8,52.039351,-6.808961,23.50,3.470,0.000002923661,3.73
03,08,21,23,32,11,84731.710,7,52.039374,-6.810572,33.25,3.295,0.000001673113,3.73
03,08,21,23,37,13,85033.155,6,52.039842,-6.812200,94.00,3.345,0.000002913772,3.73
03,08,21,23,42,12,85332.715,6,52.039239,-6.813821,25.00,3.460,0.000005200648,3.73
03,08,21,23,47,12,85632.720,7,52.039280,-6.815344,40.50,3.775,0.000003138237,3.73
03,08,21,23,52,13,85933.225,8,52.039297,-6.816765,43.25,3.630,0.000004833514,3.73
03,08,21,23,57,15,86235.220,6,52.039329,-6.818425,31.00,3.150,0.000001490963,3.73
04,08,21,00,02,18,138.200,5,52.039504,-6.819808,49.00,2.970,0.000000421366,3.73
04,08,21,00,07,16,436.730,6,52.039273,-6.821114,51.75,3.375,0.000004059103,3.73
04,08,21,00,12,16,736.225,9,52.044886,-6.799207,62.75,3.680,0.000003692982,3.73
04,08,21,00,17,15,1035.730,9,52.069042,-6.753299,55.25,3.630,0.000004547549,3.73
04,08,21,00,22,16,1336.220,8,52.093803,-6.709513,48.75,3.450,0.000002842664,3.73
04,08,21,00,27,16,1636.730,10,52.110143,-6.659100,40.00,3.385,0.000006637454,3.73
04,08,21,00,32,16,1936.715,9,52.129961,-6.610514,102.50,3.690,0.000004578922,3.73
04,08,21,00,37,18,2238.190,6,52.139836,-6.594886,22.00,3.605,0.000000549027,3.73
04,08,21,00,42,18,2538.235,7,52.139488,-6.594244,52.75,3.170,0.000005338738,3.73
04,08,21,00,47,18,2838.730,7,52.139551,-6.593753,76.00,3.265,0.000002152626,3.73
04,08,21,00,52,19,3139.255,9,52.140338,-6.590127,42.25,3.540,0.000007034367,3.73
04,08,21,00,57,31,3451.020,4,52.139382,-6.588085,42.00,3.275,0.000001682713,3.73
04,08,21,01,02,31,3751.275,2,0.000000,0.000000,0.00,9999.999,9999.999000000000,3.73
04,08,21,01,09,31,4171.275,3,0.000000,0.000000,0.00,9999.999,9999.999000000000,3.73
04,08,21,01,16,32,4592.275,0,0.000000,0.000000,0.00,9999.999,9999.999000000000,3.73
04,08,21,01,23,33,5013.275,2,0.000000,0.000000,0.00,9999.999,9999.999000000000,3.73
04,08,21,01,28,33,5313.075,4,52.139784,-6.588256,42.00,2.915,0.000000242818,3.73
04,08,21,01,33,30,5610.525,5,52.140892,-6.586347,103.00,3.120,0.000000416280,3.73
