day,month,year,hour,minute,second,abs.second,sats,Latitude,Longitude,Altitude,var1,var2,var3
01,08,21,03,00,13,10813.860,8,52.135105,-6.717756,69.50,9999.999,0.000002250471,4.10
01,08,21,03,05,13,11113.890,7,52.130285,-6.754747,59.50,1.875,0.000001306313,4.10
01,08,21,03,10,13,11413.875,7,52.123905,-6.793964,52.25,1.870,0.000001870822,4.10
01,08,21,03,15,13,11713.890,8,52.114248,-6.831084,45.50,1.880,0.000003588001,4.10
01,08,21,03,20,13,12013.910,6,52.103805,-6.870654,46.25,1.905,0.000001822957,4.10
01,08,21,03,25,13,12313.905,6,52.093985,-6.910970,56.00,1.920,0.000001107367,4.10
01,08,21,03,30,14,12614.400,8,52.081198,-6.948333,53.00,1.660,0.000002049787,4.10
01,08,21,03,35,14,12914.910,9,52.070736,-6.986755,42.50,1.525,0.000005820822,4.10
01,08,21,03,40,14,13214.905,8,52.065113,-7.023847,62.00,1.840,0.000002842453,4.10
01,08,21,03,45,15,13515.410,7,52.063316,-7.035904,42.00,1.815,0.000003006258,4.10
01,08,21,03,50,15,13815.915,6,52.062823,-7.036659,38.75,1.650,0.000001207395,4.10
01,08,21,03,55,16,14116.920,7,52.062424,-7.037561,52.50,1.835,0.000002923801,4.10
01,08,21,04,00,17,14417.425,6,52.062039,-7.038347,35.00,1.765,0.000000529184,4.10
01,08,21,04,05,17,14717.925,6,52.061670,-7.038944,44.00,1.640,0.000001602673,4.10
01,08,21,04,10,16,15016.920,6,52.061211,-7.039502,54.00,1.860,0.000005952158,4.10
01,08,21,04,15,17,15317.430,7,52.060974,-7.040178,45.75,1.785,0.000002763085,4.10
01,08,21,04,20,17,15617.925,6,52.060728,-7.040985,45.50,1.640,0.000003901209,4.10
01,08,21,04,25,19,15919.480,5,52.060913,-7.041117,48.00,1.630,0.000000357910,4.10
01,08,21,04,30,19,16219.430,6,52.060466,-7.042247,46.00,1.450,0.000002176561,4.10
01,08,21,04,35,19,16519.920,7,52.059183,-7.065968,53.00,1.585,0.000005127357,4.10
01,08,21,04,40,19,16819.935,6,52.050760,-7.106307,48.75,1.995,0.000001424132,4.10
01,08,21,04,45,19,17119.925,8,52.048438,-7.142567,48.50,2.135,0.000003103482,4.10
01,08,21,04,50,20,17420.435,6,52.043551,-7.182825,39.00,1.750,0.000002001459,4.10
01,08,21,04,55,20,17720.940,7,52.040303,-7.221929,45.50,1.495,0.000003504746,4.10
01,08,21,05,00,20,18020.945,6,52.035627,-7.255385,28.50,1.815,0.000002183080,4.10
01,08,21,05,05,21,18321.925,7,52.033940,-7.266620,52.25,2.095,0.000005977395,4.10
01,08,21,05,10,28,18628.005,5,52.034283,-7.267227,89.25,2.105,0.000000489391,4.10
01,08,21,05,15,22,18922.465,6,52.034029,-7.268170,56.50,1.740,0.000004341338,4.08
01,08,21,05,20,23,19223.450,6,52.033985,-7.269251,60.00,1.275,0.000005543969,4.10
01,08,21,05,25,23,19523.965,7,52.033810,-7.269859,60.00,1.475,0.000003999644,4.10
01,08,21,05,30,23,19823.465,7,52.033659,-7.270688,59.50,1.815,0.000005343401,4.10
01,08,21,05,35,24,20124.455,7,52.033438,-7.271685,52.75,1.630,0.000004640552,4.10
01,08,21,05,40,25,20425.460,7,52.033393,-7.272707,57.50,1.365,0.000004287772,4.10
01,08,21,05,45,24,20724.945,9,52.032795,-7.277878,29.25,1.570,0.000004224208,4.10
01,08,21,05,50,25,21025.960,9,52.026306,-7.314445,52.75,2.055,0.000005680426,4.10
01,08,21,05,55,24,21324.955,8,52.018466,-7.304651,38.75,2.200,0.000001778061,4.10
01,08,21,06,00,25,21625.470,8,52.010361,-7.262184,57.25,1.785,0.000003333688,4.10
01,08,21,06,07,14,22034.135,5,52.011115,-7.259556,37.00,9999.999,0.000000533207,4.08
01,08,21,06,12,24,22344.125,7,52.011621,-7.260805,61.00,2.130,0.000008225752,4.10
01,08,21,06,17,25,22645.480,7,52.011309,-7.261952,54.75,1.975,0.000004436586,4.08
01,08,21,06,22,29,22949.475,5,52.011621,-7.263063,25.50,1.400,0.000001691787,4.08
01,08,21,06,27,26,23246.970,7,52.012067,-7.264067,56.75,9999.999,0.000003571611,4.10
01,08,21,06,32,26,23546.990,7,52.011911,-7.270422,75.50,1.980,0.000004028975,4.10
01,08,21,06,37,26,23846.980,7,52.009527,-7.256351,58.00,2.275,0.000004720164,4.10
01,08,21,06,42,27,24147.485,7,52.012182,-7.266332,50.50,1.880,0.000004515931,4.10
01,08,21,06,47,27,24447.990,8,52.012428,-7.267736,40.25,1.540,0.000002954273,4.10
01,08,21,06,52,28,24748.990,7,52.012689,-7.269189,41.25,1.820,0.000001274310,4.10
01,08,21,06,57,29,25049.500,6,52.013066,-7.270584,47.00,1.885,0.000001589780,4.10
01,08,21,07,02,29,25349.995,7,52.013474,-7.272001,44.50,1.780,0.000003280519,4.08
01,08,21,07,07,30,25650.000,7,52.013820,-7.273098,46.50,1.945,0.000003936648,4.10
01,08,21,07,12,32,25952.505,5,52.014099,-7.274267,30.00,1.835,0.000000630726,4.08
01,08,21,07,17,31,26251.505,6,52.014323,-7.275723,35.25,1.450,0.000001262819,4.08
01,08,21,07,22,32,26552.510,6,52.014597,-7.276971,27.00,1.315,0.000002572289,4.10
01,08,21,07,27,33,26853.505,6,52.014816,-7.278275,36.00,1.440,0.000001496382,4.08
01,08,21,07,32,34,27154.010,7,52.015077,-7.279371,44.75,1.820,0.000002137984,4.10
01,08,21,07,37,34,27454.530,6,52.015160,-7.280232,49.50,1.960,0.000000472449,4.08
01,08,21,07,42,34,27754.530,6,52.015350,-7.281325,48.25,1.600,0.000001281479,4.08
01,08,21,07,47,42,28062.540,5,52.015424,-7.282245,52.75,1.355,0.000000110122,4.08
01,08,21,07,52,36,28356.525,6,52.015712,-7.283511,45.00,1.410,0.000001369109,4.10
01,08,21,07,57,39,28659.580,5,52.015934,-7.284446,52.75,1.580,0.000000398845,4.08
01,08,21,08,02,37,28957.510,8,52.016196,-7.285898,41.00,1.630,0.000001769731,4.08
01,08,21,08,07,38,29258.020,7,52.016239,-7.286602,41.25,1.790,0.000001279587,4.08
01,08,21,08,12,38,29558.510,8,52.016216,-7.287356,36.00,1.845,0.000001837509,4.08
01,08,21,08,17,39,29859.515,7,52.016291,-7.288055,39.50,1.540,0.000001639467,4.08
01,08,21,08,22,40,30160.510,7,52.016464,-7.288842,37.00,1.360,0.000001575720,4.08
01,08,21,08,27,41,30461.520,8,52.016482,-7.289489,36.75,1.425,0.000002342809,4.08
01,08,21,08,32,42,30762.525,8,52.016432,-7.290254,41.25,1.555,0.000004011413,4.08
01,08,21,08,37,43,31063.525,6,52.016532,-7.291133,38.00,1.590,0.000003363787,4.08
01,08,21,08,42,43,31363.520,7,52.016541,-7.291783,32.00,1.540,0.000001472400,4.08
01,08,21,08,47,45,31665.510,6,52.016535,-7.292403,27.25,1.490,0.000001189572,4.08
01,08,21,08,52,46,31966.520,6,52.016554,-7.293034,37.00,1.490,0.000001783417,4.08
01,08,21,08,57,46,32266.040,8,52.016390,-7.293753,47.50,1.780,0.000004713863,4.08
01,08,21,09,02,47,32567.020,7,52.016420,-7.294427,50.25,2.175,0.000004723701,4.08
01,08,21,09,07,46,32866.525,7,52.016280,-7.295253,42.25,1.970,0.000004477217,4.08
01,08,21,09,12,47,33167.530,8,52.016306,-7.295790,42.00,1.425,0.000003109158,4.08
01,08,21,09,17,49,33469.525,6,52.016280,-7.296304,38.50,1.255,0.000001286676,4.08
01,08,21,09,22,49,33769.025,8,52.023983,-7.290900,53.50,1.690,0.000003784383,4.08
01,08,21,09,27,49,34069.040,9,52.024784,-7.314440,54.50,2.250,0.000006353380,4.08
01,08,21,09,32,49,34369.550,7,52.024949,-7.341521,40.50,9999.999,0.000005345742,4.08
01,08,21,09,37,50,34670.040,7,52.024705,-7.341908,38.50,1.795,0.000002621092,4.08
01,08,21,09,42,51,34971.035,7,52.024581,-7.342314,30.75,1.810,0.000003431793,4.08
01,08,21,09,47,50,35270.540,7,52.024153,-7.342879,37.25,1.795,0.000004148215,4.10
01,08,21,09,52,51,35571.535,8,52.023958,-7.343722,50.50,1.530,0.000004333559,4.08
01,08,21,09,57,52,35872.540,8,52.023802,-7.344230,50.75,1.405,0.000005117603,4.08
01,08,21,10,02,53,36173.545,7,52.023794,-7.344731,35.00,1.480,0.000005969115,4.08
01,08,21,10,07,54,36474.540,7,52.023595,-7.345278,37.00,1.580,0.000005011937,4.08
01,08,21,10,12,55,36775.560,9,52.023626,-7.345889,33.75,1.600,0.000004913799,4.08
01,08,21,10,17,56,37076.550,7,52.023541,-7.346670,25.75,1.565,0.000004660405,4.08
01,08,21,10,22,56,37376.555,9,52.023454,-7.347619,29.00,1.535,0.000005370302,4.08
01,08,21,10,27,57,37677.565,7,52.023401,-7.348173,38.00,1.545,0.000004886709,4.08
01,08,21,10,32,58,37978.575,7,52.023199,-7.348669,38.00,1.575,0.000002658289,4.08
01,08,21,10,37,59,38279.565,7,52.022970,-7.349383,36.25,1.585,0.000004404660,4.08
01,08,21,10,43,01,38581.625,6,52.022814,-7.349402,51.25,1.600,0.000002853345,4.08
01,08,21,10,48,01,38881.070,7,52.022645,-7.350657,38.50,1.855,0.000004328653,4.08
01,08,21,10,53,01,39181.575,7,52.022373,-7.351340,34.25,1.950,0.000002988452,4.08
01,08,21,10,58,03,39483.680,6,52.024931,-7.349136,61.25,1.675,0.000000830881,4.08
01,08,21,11,03,03,39783.575,7,52.024767,-7.350684,41.50,1.490,0.000003724201,4.08
01,08,21,11,08,04,40084.060,7,52.024212,-7.353821,40.75,1.725,0.000002048531,4.08
01,08,21,11,13,04,40384.085,6,52.041387,-7.367106,66.00,2.190,0.000002479879,4.08
01,08,21,11,18,04,40684.070,6,52.053751,-7.369910,32.75,2.310,0.000001852522,4.08
01,08,21,11,23,04,40984.100,7,52.051128,-7.384143,47.75,2.145,0.000004552819,4.08
01,08,21,11,28,05,41285.085,6,52.060149,-7.382242,48.50,2.010,0.000002467394,4.08
01,08,21,11,33,04,41584.580,7,52.048904,-7.393296,33.75,1.765,0.000003584928,4.08
01,08,21,11,38,05,41885.085,7,52.061479,-7.412536,44.75,1.710,0.000004081354,4.08
01,08,21,11,43,05,42185.580,8,52.081171,-7.408932,41.25,1.805,0.000001389450,4.08
01,08,21,11,48,06,42486.565,7,52.081594,-7.409364,43.25,1.620,0.000002540258,4.08
01,08,21,11,53,07,42787.110,8,52.081671,-7.408715,62.50,1.745,0.000004837466,4.08
01,08,21,11,59,10,43150.975,7,52.081800,-7.407623,40.75,2.105,0.000001554743,4.08
01,08,21,12,04,54,43494.355,6,52.082162,-7.405059,47.00,2.345,0.000001327839,4.08
01,08,21,12,09,55,43795.105,10,52.086286,-7.395192,45.00,2.350,0.000003662633,4.08
01,08,21,12,14,55,44095.110,7,52.060548,-7.352257,48.25,2.110,0.000003453773,4.08
01,08,21,12,19,55,44395.100,9,52.057150,-7.311445,50.00,1.985,0.000002459414,4.08
01,08,21,12,24,55,44695.605,7,52.050623,-7.266149,62.75,1.790,0.000002119303,4.08
01,08,21,12,29,56,44996.110,8,52.043101,-7.267482,59.50,1.760,0.000003898137,4.08
01,08,21,12,34,56,45296.610,7,52.024397,-7.252860,52.25,1.845,0.000001335131,4.08
01,08,21,12,41,02,45662.535,6,52.013997,-7.262199,31.50,2.115,0.000001043438,4.08
01,08,21,12,46,19,45979.735,8,52.013901,-7.262344,46.75,9999.999,0.000002449712,4.08
01,08,21,12,52,15,46335.985,7,52.014530,-7.262126,43.00,1.860,0.000002024124,4.08
01,08,21,12,57,17,46637.120,8,52.014136,-7.262367,55.75,1.925,0.000002946860,4.08
01,08,21,13,02,16,46936.625,9,52.024812,-7.275270,47.00,1.905,0.000002792477,4.08
01,08,21,13,07,17,47237.125,7,52.026080,-7.237487,41.25,1.865,0.000002113923,4.08
01,08,21,13,12,20,47540.745,4,52.030255,-7.239169,41.00,1.915,0.000000150070,4.08
01,08,21,13,17,18,47838.135,8,52.030187,-7.240250,48.25,1.965,0.000004133530,4.08
01,08,21,13,22,18,48138.135,7,52.029822,-7.239612,37.75,2.160,0.000001455695,4.08
01,08,21,13,27,18,48438.640,7,52.029550,-7.239326,22.25,1.985,0.000003061580,4.08
01,08,21,13,32,19,48739.195,6,52.028666,-7.239536,36.75,1.830,0.000002319848,4.08
01,08,21,13,37,19,49039.140,6,52.029155,-7.239464,37.50,2.090,0.000005216497,4.08
01,08,21,13,42,19,49339.090,6,52.028343,-7.239946,7.00,2.245,0.000002467230,4.08
01,08,21,13,47,19,49639.615,6,52.030464,-7.238925,20.50,1.930,0.000001053517,4.08
01,08,21,13,52,19,49939.140,6,52.030590,-7.238140,15.75,1.720,0.000003714487,4.08
01,08,21,13,57,19,50239.660,7,52.030152,-7.237962,44.75,1.795,0.000004616082,4.08
01,08,21,14,02,20,50540.645,8,52.028646,-7.237907,49.75,1.690,0.000004723341,4.08
01,08,21,14,07,21,50841.110,7,52.028209,-7.238995,29.00,1.825,0.000004033148,4.08
01,08,21,14,12,21,51141.625,7,52.026742,-7.238243,11.75,1.935,0.000004991062,4.08
01,08,21,14,17,22,51442.135,8,52.026465,-7.238539,60.25,1.935,0.000008948367,4.08
01,08,21,14,22,22,51742.645,7,52.026309,-7.238534,34.50,1.890,0.000002942727,4.08
01,08,21,14,27,23,52043.140,8,52.025813,-7.238549,45.25,1.870,0.000004910018,4.08
01,08,21,14,32,30,52350.700,6,52.025214,-7.239026,73.75,1.910,0.000001050809,4.08
01,08,21,14,37,31,52651.640,8,52.025197,-7.239203,44.25,1.690,0.000007990394,4.08
01,08,21,14,42,32,52952.170,8,52.025194,-7.239476,79.25,1.795,0.000004943715,4.08
01,08,21,14,47,32,53252.155,7,52.025088,-7.240303,56.00,2.215,0.000004416828,4.08
01,08,21,14,52,32,53552.655,9,52.025015,-7.241022,40.25,2.115,0.000007382708,4.08
01,08,21,14,57,33,53853.185,7,52.024685,-7.241143,66.50,1.870,0.000005782213,4.08
01,08,21,15,02,33,54153.170,7,52.024652,-7.241970,74.75,2.055,0.000006171377,4.08
01,08,21,15,08,52,54532.655,8,52.024323,-7.242990,69.25,2.505,0.000004560569,4.08
01,08,21,15,13,53,54833.165,8,52.024026,-7.243613,71.75,2.635,0.000002757799,4.08
01,08,21,15,18,53,55133.165,7,52.023813,-7.244256,63.00,2.230,0.000002290755,4.08
01,08,21,15,23,53,55433.160,9,52.023580,-7.245370,56.50,1.960,0.000004886837,4.08
01,08,21,15,28,53,55733.670,7,52.023392,-7.246315,29.00,1.780,0.000003681685,4.08
01,08,21,15,35,38,56138.830,9,52.023604,-7.247283,77.25,1.660,0.000004719468,4.08
01,08,21,15,42,48,56568.990,5,52.031171,-7.218970,63.75,1.850,0.000000247823,4.08
01,08,21,15,49,40,56980.960,7,52.031244,-7.219042,49.25,2.070,0.000005656725,4.08
01,08,21,15,54,41,57281.180,8,52.043283,-7.198166,50.25,2.180,0.000003738131,4.08
01,08,21,16,01,18,57678.800,7,52.054441,-7.196750,49.75,2.045,0.000004680489,4.08
01,08,21,16,08,19,58099.955,7,52.054256,-7.196741,36.00,1.810,0.000003488926,4.08
01,08,21,16,15,21,58521.440,6,52.054010,-7.196461,35.00,2.080,0.000004032869,4.08
01,08,21,16,20,28,58828.240,7,52.053669,-7.196867,37.75,2.475,0.000003879302,4.08
01,08,21,16,27,29,59249.445,6,52.053015,-7.197236,59.00,2.540,0.000004481888,4.08
01,08,21,16,32,29,59549.690,8,52.054765,-7.199507,54.50,2.100,0.000004339787,4.06
01,08,21,16,37,30,59850.690,8,52.055429,-7.192476,54.75,1.470,0.000004455520,4.08
01,08,21,16,42,30,60150.700,6,52.055211,-7.192655,49.75,1.380,0.000001650710,4.08
01,08,21,16,47,31,60451.210,8,52.054775,-7.193191,48.75,1.910,0.000001795400,4.08
01,08,21,16,52,34,60754.720,4,52.054436,-7.193552,48.00,9999.999,0.000000532707,4.08
01,08,21,16,57,32,61052.210,7,52.053098,-7.199586,43.75,1.965,0.000002066676,4.08
01,08,21,17,02,33,61353.645,5,52.053294,-7.199807,-16.25,1.955,0.000000054769,4.08
01,08,21,17,07,33,61653.715,6,52.052944,-7.200111,63.25,1.675,0.000000528507,4.08
01,08,21,17,12,34,61954.715,6,52.052838,-7.200472,53.50,1.575,0.000000500463,4.08
01,08,21,17,17,35,62255.715,6,52.052656,-7.200775,56.00,1.665,0.000000581378,4.08
01,08,21,17,22,36,62556.715,6,52.052453,-7.201054,55.50,1.760,0.000000301990,4.08
01,08,21,17,27,37,62857.720,7,52.052578,-7.200958,69.75,1.765,0.000001702404,4.08
01,08,21,17,34,40,63280.575,5,52.049194,-7.168632,129.00,2.150,0.000000424086,4.06
01,08,21,17,39,40,63580.230,6,52.045981,-7.165177,68.75,2.595,0.000001892189,4.08
01,08,21,17,44,40,63880.225,6,52.045593,-7.165689,51.75,2.450,0.000002016114,4.08
01,08,21,17,49,40,64180.220,6,52.045291,-7.166106,61.25,2.150,0.000001913829,4.08
01,08,21,17,54,40,64480.230,6,52.045092,-7.166619,43.75,2.075,0.000002723953,4.08
01,08,21,17,59,40,64780.725,6,52.044875,-7.167489,49.25,1.940,0.000002036526,4.08
01,08,21,18,04,41,65081.740,6,52.044580,-7.168437,99.75,1.665,0.000002529217,4.06
01,08,21,18,09,42,65382.735,6,52.044482,-7.168968,67.25,1.600,0.000004292202,4.06
01,08,21,18,14,43,65683.230,6,52.044198,-7.169413,60.75,1.950,0.000003780747,4.08
01,08,21,18,19,43,65983.240,7,52.044084,-7.169950,64.75,2.410,0.000004579692,4.06
01,08,21,18,24,43,66283.740,8,52.043862,-7.170326,67.00,2.220,0.000003367927,4.08
01,08,21,18,29,44,66584.240,7,52.043509,-7.171001,69.00,1.895,0.000003454320,4.08
01,08,21,18,34,44,66884.235,6,52.043254,-7.171819,91.75,2.075,0.000004180308,4.06
01,08,21,18,39,44,67184.245,8,52.042963,-7.172349,65.50,2.330,0.000002864321,4.06
01,08,21,18,44,44,67484.240,6,52.043639,-7.155528,57.50,2.370,0.000002137479,4.06
01,08,21,18,50,18,67818.500,7,52.036049,-7.120565,80.00,2.390,0.000001413924,4.06
01,08,21,18,55,18,68118.740,6,52.035975,-7.121092,76.00,2.130,0.000002115550,4.08
01,08,21,19,00,19,68419.250,8,52.035905,-7.121566,73.00,1.865,0.000003623078,4.06
01,08,21,19,05,19,68719.255,7,52.035957,-7.121677,35.00,2.120,0.000001892944,4.06
01,08,21,19,10,19,69019.250,7,52.035616,-7.122059,86.75,2.380,0.000004374043,4.06
01,08,21,19,15,19,69319.750,7,52.035637,-7.122648,75.50,2.130,0.000004320949,4.06
01,08,21,19,20,20,69620.270,6,52.035733,-7.122856,66.50,1.885,0.000005197190,4.08
01,08,21,19,26,46,70006.325,7,52.037402,-7.121676,55.25,2.175,0.000002742327,4.08
01,08,21,19,31,45,70305.265,7,52.037385,-7.122270,53.25,2.440,0.000002208774,4.06
01,08,21,19,38,18,70698.380,7,52.037401,-7.123479,34.25,2.455,0.000001430355,4.06
01,08,21,19,43,18,70998.265,10,52.036255,-7.140957,55.50,2.330,0.000006024355,4.06
01,08,21,19,48,18,71298.750,7,52.045310,-7.169098,62.25,1.945,0.000004109881,4.06
01,08,21,19,53,19,71599.755,7,52.045130,-7.169862,46.25,1.560,0.000001037844,4.06
01,08,21,19,58,20,71900.760,7,52.044872,-7.170305,41.50,1.565,0.000000884431,4.06
01,08,21,20,03,21,72201.765,7,52.044788,-7.171356,35.25,1.765,0.000001697693,4.08
01,08,21,20,08,22,72502.765,7,52.044791,-7.172494,37.25,1.865,0.000000993826,4.06
01,08,21,20,13,23,72803.765,7,52.044766,-7.173921,39.25,1.815,0.000000811113,4.06
01,08,21,20,18,23,73103.765,9,52.044708,-7.175375,37.75,1.740,0.000002117576,4.06
01,08,21,20,25,01,73501.440,6,52.045463,-7.183593,43.25,2.065,0.000000977959,4.06
01,08,21,20,30,01,73801.775,7,52.045325,-7.184538,48.50,2.270,0.000002693612,4.06
01,08,21,20,35,02,74102.790,7,52.044994,-7.185096,45.75,1.885,0.000003322517,4.06
01,08,21,20,40,03,74403.785,6,52.044794,-7.186300,55.00,1.595,0.000000588881,4.06
01,08,21,20,45,04,74704.785,7,52.044683,-7.187347,54.25,1.640,0.000001484207,4.06
01,08,21,20,50,06,75006.790,6,52.044695,-7.188096,58.50,1.810,0.000000556533,4.06
01,08,21,20,55,06,75306.290,7,52.044742,-7.189183,43.25,2.125,0.000001253303,4.06
01,08,21,21,00,06,75606.795,7,52.044615,-7.190182,50.00,2.200,0.000001101156,4.06
01,08,21,21,05,08,75908.300,6,52.044563,-7.191312,53.25,2.085,0.000001656995,4.06
01,08,21,21,10,07,76207.795,7,52.044708,-7.192405,55.50,1.990,0.000000920303,4.06
01,08,21,21,15,08,76508.800,6,52.044971,-7.192980,59.75,1.750,0.000000289989,4.06
01,08,21,21,20,08,76808.800,6,52.045192,-7.193361,50.50,1.680,0.000001431898,4.06
01,08,21,21,25,10,77110.300,6,52.045367,-7.194100,52.00,2.015,0.000000930133,4.06
01,08,21,21,30,09,77409.795,7,52.045649,-7.194706,58.25,2.215,0.000000952963,4.06
01,08,21,21,35,33,77733.445,6,52.045710,-7.194893,56.25,2.220,0.000001554770,4.06
01,08,21,21,42,08,78128.880,7,52.046041,-7.194930,43.25,2.165,0.000001440507,4.06
01,08,21,21,49,10,78550.565,7,52.046191,-7.195078,50.75,2.195,0.000001373738,4.06
01,08,21,21,54,10,78850.295,6,52.046546,-7.195061,46.25,2.445,0.000001729820,4.06
01,08,21,21,59,10,79150.315,8,52.046619,-7.195312,49.00,2.430,0.000002372166,4.06
01,08,21,22,04,10,79450.330,6,52.046861,-7.195433,56.75,2.315,0.000001232927,4.06
01,08,21,22,09,10,79750.315,8,52.047377,-7.195977,56.25,2.265,0.000005806115,4.06
01,08,21,22,16,11,80171.095,6,52.047737,-7.196270,37.25,2.180,0.000000338601,4.06
01,08,21,22,23,12,80592.090,6,52.048205,-7.197267,42.25,2.050,0.000000996171,4.06
01,08,21,22,30,14,81014.590,5,52.048450,-7.198423,50.25,2.275,0.000000576805,4.06
01,08,21,22,37,14,81434.075,6,52.048591,-7.199405,59.00,2.445,0.000001737233,4.06
01,08,21,22,44,15,81855.595,7,52.048986,-7.199979,38.00,2.420,0.000001922395,4.06
01,08,21,22,51,17,82277.100,6,52.049171,-7.200883,39.75,2.335,0.000001660765,4.06
01,08,21,22,58,17,82697.085,6,52.049449,-7.201884,50.00,2.050,0.000001445811,4.06
01,08,21,23,05,18,83118.120,7,52.049563,-7.202423,39.25,1.960,0.000001488211,4.06
01,08,21,23,12,19,83539.090,6,52.049969,-7.203201,57.00,2.060,0.000002608843,4.06
01,08,21,23,19,20,83960.100,6,52.049957,-7.204105,41.25,2.145,0.000001257005,4.06
01,08,21,23,26,13,84373.005,6,52.050158,-7.204983,44.50,2.095,0.000001840048,4.06
01,08,21,23,31,43,84703.005,6,52.050448,-7.205548,58.75,1.980,0.000000468835,4.06
01,08,21,23,36,54,85014.910,6,52.050439,-7.205971,40.25,1.900,0.000001981363,4.06
01,08,21,23,42,53,85373.710,6,52.050673,-7.206298,39.50,2.270,0.000002785595,4.06
01,08,21,23,47,53,85673.350,7,52.050843,-7.206540,39.00,2.715,0.000000727432,4.06
01,08,21,23,52,56,85976.905,7,52.050976,-7.206593,32.50,2.350,0.000001360302,4.06
01,08,21,23,57,56,86276.860,7,52.051093,-7.206415,41.00,1.700,0.000002744979,4.06
02,08,21,00,02,57,177.360,6,52.051196,-7.206535,45.50,9999.999,0.000002484869,4.06
02,08,21,00,07,57,477.860,7,52.051251,-7.206544,52.50,2.110,0.000003076668,4.06
02,08,21,00,12,59,779.860,5,52.051314,-7.206683,46.50,2.065,0.000002128350,4.06
02,08,21,00,17,59,1079.365,7,52.051359,-7.206604,47.75,2.090,0.000004602609,4.06
02,08,21,00,23,02,1382.870,5,52.051407,-7.206936,49.25,2.130,0.000000519339,4.06
02,08,21,00,28,00,1680.370,7,52.051376,-7.207037,40.00,2.140,0.000006344944,4.06
02,08,21,00,33,00,1980.880,8,52.051320,-7.207278,44.25,2.130,0.000004963639,4.06
02,08,21,00,38,01,2281.370,8,52.051365,-7.207504,32.25,2.120,0.000004601942,4.06
02,08,21,00,43,01,2581.880,7,52.051409,-7.207761,44.00,2.120,0.000005309691,4.06
02,08,21,00,48,02,2882.870,8,52.051460,-7.207908,54.00,1.875,0.000005249649,4.04
02,08,21,00,53,04,3184.875,6,52.051361,-7.207915,37.00,1.750,0.000002627063,4.06
02,08,21,00,58,05,3485.380,7,52.051313,-7.208149,58.00,2.065,0.000003682328,4.06
02,08,21,01,03,04,3784.875,8,52.051379,-7.208123,45.25,2.285,0.000003481459,4.04
02,08,21,01,08,05,4085.875,7,52.051212,-7.208497,66.25,1.985,0.000001777701,4.06
02,08,21,01,13,06,4386.875,7,52.051098,-7.208709,74.00,1.725,0.000002561310,4.04
02,08,21,01,18,08,4688.885,6,52.051010,-7.208322,37.50,1.750,0.000004916126,4.06
02,08,21,01,25,12,5112.650,5,52.050978,-7.209127,102.25,2.280,0.000000506508,4.06
02,08,21,01,30,12,5412.880,5,52.050915,-7.208870,91.00,9999.999,0.000000389518,4.06
02,08,21,01,35,11,5711.890,6,52.050904,-7.208486,47.50,1.885,0.000004199613,4.06
02,08,21,01,40,14,6014.875,5,52.050638,-7.208955,100.25,1.685,0.000000266672,4.04
02,08,21,01,45,13,6313.885,6,52.050591,-7.208826,54.00,1.780,0.000005205557,4.04
02,08,21,01,50,16,6616.880,5,52.050477,-7.208933,85.00,1.930,0.000000630580,4.06
02,08,21,01,55,25,6925.010,5,52.050393,-7.208492,77.25,2.020,0.000000219622,4.06
02,08,21,02,00,18,7218.910,5,52.050218,-7.208342,72.50,2.005,0.000000440145,4.06
02,08,21,02,05,25,7525.005,5,52.050026,-7.208254,78.50,1.950,0.000000889354,4.04
02,08,21,02,10,23,7823.500,5,52.049845,-7.208197,79.00,2.225,0.000001231154,4.04
02,08,21,02,15,28,8128.985,4,52.049618,-7.208152,78.00,2.380,0.000000164691,4.04
02,08,21,02,20,20,8420.920,5,52.049588,-7.207773,40.75,2.030,0.000000327373,4.04
02,08,21,02,25,19,8719.420,7,52.049256,-7.207830,51.25,1.995,0.000005865923,4.04
02,08,21,02,30,19,9019.405,7,52.049080,-7.208218,57.00,2.395,0.000002323751,4.04
02,08,21,02,35,19,9319.915,6,52.048932,-7.208447,51.00,2.360,0.000003066101,4.06
02,08,21,02,40,18,9618.890,7,52.048813,-7.208735,67.25,1.885,0.000002864917,4.04
02,08,21,02,45,20,9920.895,6,52.048548,-7.208657,46.25,1.655,0.000000622199,4.04
02,08,21,02,50,21,10221.405,7,52.048441,-7.208996,54.50,2.035,0.000001931869,4.04
02,08,21,02,55,21,10521.905,6,52.048287,-7.209137,54.50,2.345,0.000001928534,4.04
02,08,21,03,00,21,10821.905,7,52.048055,-7.209203,44.75,2.060,0.000002423800,4.04
02,08,21,03,05,25,11125.910,6,52.047865,-7.209494,50.50,1.765,0.000003925962,4.04
02,08,21,03,10,24,11424.915,6,52.047716,-7.209711,51.00,1.765,0.000003406439,4.04
02,08,21,03,15,25,11725.915,6,52.047498,-7.209967,53.25,1.915,0.000002427225,4.04
02,08,21,03,20,26,12026.915,6,52.047309,-7.210180,49.50,1.990,0.000002274914,4.04
02,08,21,03,25,29,12329.920,5,52.047154,-7.210268,39.75,1.955,0.000000629853,4.04
02,08,21,03,30,28,12628.915,6,52.047016,-7.210518,38.75,1.900,0.000003558270,4.04
02,08,21,03,35,28,12928.920,6,52.046890,-7.210807,47.00,1.890,0.000001741774,4.04
02,08,21,03,40,28,13228.930,6,52.046684,-7.210955,45.50,1.920,0.000002748552,4.04
02,08,21,03,45,29,13529.930,6,52.046461,-7.211323,53.50,1.945,0.000001842418,4.04
02,08,21,03,50,31,13831.935,6,52.046153,-7.211725,37.50,1.945,0.000003071014,4.04
02,08,21,03,55,32,14132.935,6,52.045901,-7.212332,48.00,1.935,0.000002715977,4.04
02,08,21,04,00,33,14433.935,6,52.045738,-7.212674,51.50,1.930,0.000002162672,4.04
02,08,21,04,05,34,14734.430,7,52.045604,-7.213033,54.50,2.180,0.000003516034,4.04
02,08,21,04,10,36,15036.940,5,52.045405,-7.213273,58.50,2.310,0.000000275843,4.04
02,08,21,04,15,35,15335.940,5,52.045249,-7.213469,66.00,2.005,0.000001005595,4.04
02,08,21,04,20,36,15636.945,6,52.045184,-7.213381,39.50,1.790,0.000004127288,4.04
02,08,21,04,25,37,15937.950,6,52.045036,-7.213635,51.25,1.840,0.000001553979,4.04
02,08,21,04,30,41,16241.500,5,52.045266,-7.213232,68.00,2.250,0.000000534022,4.04
02,08,21,04,35,38,16538.980,6,52.045100,-7.213514,47.50,2.445,0.000001873616,4.04
02,08,21,04,40,40,16840.965,5,52.045150,-7.214023,58.75,2.070,0.000000430381,4.04
02,08,21,04,45,41,17141.990,5,52.045355,-7.214180,82.25,1.790,0.000000174281,4.04
02,08,21,04,50,40,17440.980,5,52.045284,-7.214627,75.00,1.845,0.000000581540,4.04
02,08,21,04,55,52,17752.025,4,52.045327,-7.215182,75.00,2.030,0.000000439377,4.04
02,08,21,05,00,40,18040.460,7,52.038887,-7.238190,47.50,2.335,0.000002412199,4.04
02,08,21,05,06,07,18367.505,5,52.036564,-7.240936,94.25,2.635,0.000000092444,4.02
02,08,21,05,11,03,18663.975,5,52.036415,-7.241264,77.25,2.390,0.000000306299,4.04
02,08,21,05,16,04,18964.940,5,52.036383,-7.241869,31.25,1.835,0.000000652966,4.04
02,08,21,05,21,08,19268.015,5,52.036094,-7.242241,26.75,1.700,0.000000609840,4.04
02,08,21,05,26,19,19580.000,4,52.036137,-7.242983,26.00,1.940,0.000000777223,4.04
02,08,21,05,31,09,19869.470,7,52.036598,-7.244514,67.50,2.355,0.000002695422,4.02
02,08,21,05,36,08,20168.485,6,52.036940,-7.217106,100.75,2.685,0.000003280080,4.02
02,08,21,05,41,11,20471.985,5,52.024261,-7.258926,67.50,2.400,0.000000643327,4.02
02,08,21,05,46,08,20768.470,9,52.011521,-7.299143,39.50,2.085,0.000004147235,4.04
02,08,21,05,51,08,21068.975,7,52.001536,-7.318069,49.75,2.065,0.000003718472,4.04
02,08,21,05,56,10,21370.975,6,52.001256,-7.318403,44.25,1.965,0.000001367206,4.04
02,08,21,06,01,10,21670.975,7,52.001018,-7.318797,45.25,1.925,0.000001867374,4.04
02,08,21,06,06,14,21974.985,5,52.001059,-7.319238,35.75,1.960,0.000001662937,4.02
02,08,21,06,11,13,22273.980,6,52.001053,-7.319666,35.50,2.000,0.000000695497,4.04
02,08,21,06,16,14,22574.980,6,52.001052,-7.319766,34.00,2.000,0.000001298139,4.04
02,08,21,06,21,15,22875.990,6,52.001175,-7.320171,29.50,1.985,0.000001883981,4.02
02,08,21,06,26,15,23175.495,8,52.003701,-7.293288,55.25,2.235,0.000005543796,4.02
02,08,21,06,31,15,23475.495,7,52.017270,-7.257098,69.00,2.620,0.000003286749,4.02
02,08,21,06,36,15,23775.490,7,52.021102,-7.217888,40.25,2.685,0.000002096308,4.02
02,08,21,06,41,15,24075.995,8,52.034221,-7.232833,42.75,2.275,0.000004055905,4.02
02,08,21,06,46,16,24376.495,8,52.041150,-7.228011,40.50,2.040,0.000002038559,4.02
02,08,21,06,51,16,24676.000,7,52.059054,-7.236057,55.00,2.130,0.000004082975,4.02
02,08,21,06,56,58,25018.290,5,52.060138,-7.217767,23.50,2.190,0.000000752030,4.02
02,08,21,07,02,29,25349.260,6,52.060317,-7.219960,46.00,2.305,0.000003173817,4.02
02,08,21,07,07,33,25653.545,7,52.059134,-7.220382,43.75,2.460,0.000002056389,4.02
02,08,21,07,12,42,25962.520,6,52.059187,-7.220806,40.00,2.610,0.000000847774,4.02
02,08,21,07,17,37,26257.010,5,52.059092,-7.221694,23.50,2.340,0.000000506175,4.02
02,08,21,07,22,38,26558.010,5,52.059058,-7.222581,17.75,1.875,0.000000340713,4.02
02,08,21,07,27,36,26856.515,7,52.058908,-7.223821,43.25,2.030,0.000002035405,4.02
02,08,21,07,32,37,27157.040,6,52.058757,-7.225173,51.25,2.355,0.000003459009,4.02
02,08,21,07,37,36,27456.525,8,52.064132,-7.240295,59.00,2.445,0.000002648457,4.02
02,08,21,07,42,36,27756.525,10,52.061661,-7.200367,41.50,2.570,0.000003167091,4.02
02,08,21,07,47,36,28056.520,9,52.055300,-7.202676,48.25,2.585,0.000004869953,4.02
02,08,21,07,52,37,28357.525,9,52.051136,-7.256226,51.25,2.530,0.000003546278,4.02
02,08,21,07,57,37,28657.030,7,52.042279,-7.291092,50.50,2.250,0.000002148532,4.02
02,08,21,08,04,41,29081.860,5,52.041511,-7.291082,36.50,2.305,0.000000126585,4.02
02,08,21,08,09,39,29379.025,7,52.045569,-7.323900,39.50,2.470,0.000001409454,4.02
02,08,21,08,14,40,29680.540,7,52.044590,-7.348554,53.75,2.365,0.000002504280,4.02
02,08,21,08,19,40,29980.535,7,52.044240,-7.349369,43.75,2.485,0.000002660629,4.02
02,08,21,08,24,42,30282.095,7,52.043920,-7.350181,50.00,2.375,0.000001595238,4.04
02,08,21,08,30,51,30651.455,6,52.042918,-7.350267,43.25,2.220,0.000001051525,4.02
02,08,21,08,37,54,31074.810,5,52.042157,-7.351845,33.75,2.555,0.000000589067,4.02
02,08,21,08,42,54,31374.015,6,52.041645,-7.353339,59.50,9999.999,0.000000435742,4.02
02,08,21,08,47,53,31673.045,7,52.041057,-7.353794,33.00,2.030,0.000003051549,4.02
02,08,21,08,54,55,32095.300,8,52.040203,-7.355232,37.50,1.910,0.000005159413,4.04
02,08,21,09,01,56,32516.770,6,52.039428,-7.356624,22.00,2.475,0.000000817041,4.04
02,08,21,09,08,56,32936.295,7,52.039174,-7.358062,31.25,9999.999,0.000003352265,4.04
02,08,21,09,15,58,33358.805,6,52.038646,-7.359714,15.75,2.550,0.000001812993,4.02
02,08,21,09,22,58,33778.800,8,52.037981,-7.361122,45.00,2.840,0.000006313631,4.04
02,08,21,09,27,59,34079.060,7,52.042204,-7.386910,56.50,9999.999,0.000001645612,4.02
02,08,21,09,33,00,34380.050,8,52.041904,-7.387993,48.00,2.055,0.000005447011,4.04
02,08,21,09,40,01,34801.845,7,52.043488,-7.385643,40.00,9999.999,0.000004566190,4.02
02,08,21,09,45,28,35128.735,9,52.044757,-7.377240,53.50,2.790,0.000006117293,4.02
02,08,21,09,52,29,35549.860,7,52.022008,-7.376973,45.50,3.165,0.000003600000,4.02
02,08,21,09,57,29,35849.565,9,52.006916,-7.390624,50.25,2.900,0.000007156375,4.02
02,08,21,10,02,29,36149.550,7,52.006098,-7.422953,-1.50,2.425,0.000003063298,4.02
02,08,21,10,08,26,36506.435,6,52.008759,-7.443396,52.75,2.255,0.000002407629,4.02
02,08,21,10,13,29,36809.085,5,52.008357,-7.443825,57.25,2.175,0.000000720113,4.02
02,08,21,10,18,26,37106.575,8,52.012223,-7.452173,45.75,2.290,0.000004510509,4.02
02,08,21,10,23,26,37406.580,7,52.037548,-7.455406,49.50,2.635,0.000003199004,4.02
02,08,21,10,28,27,37707.095,8,52.044597,-7.458079,44.00,2.510,0.000002920180,4.02
02,08,21,10,33,28,38008.590,7,52.044616,-7.458413,28.25,2.280,0.000002290318,4.02
02,08,21,10,38,28,38308.090,7,52.044468,-7.458798,50.50,2.225,0.000002799866,4.02
02,08,21,10,43,32,38612.585,6,52.044404,-7.459536,9.50,2.310,0.000006536711,4.04
02,08,21,10,48,30,38910.600,7,52.044052,-7.459713,46.50,2.635,0.000005787108,4.02
02,08,21,10,53,30,39210.585,7,52.043724,-7.459641,26.00,2.755,0.000004953086,4.02
02,08,21,10,58,30,39510.105,7,52.043422,-7.459629,32.00,2.405,0.000004014231,4.04
02,08,21,11,03,31,39811.085,7,52.043219,-7.460206,31.50,1.920,0.000002797862,4.02
02,08,21,11,08,31,40111.610,7,52.043432,-7.459820,38.75,9999.999,0.000002610189,4.04
02,08,21,11,13,33,40413.040,6,52.043287,-7.460685,-11.75,2.325,0.000000955803,4.02
02,08,21,11,18,33,40713.115,7,52.043849,-7.459908,50.00,2.280,0.000003185983,4.02
02,08,21,11,23,34,41014.610,6,52.044468,-7.460119,52.00,2.340,0.000001245555,4.02
02,08,21,11,28,33,41313.610,8,52.062664,-7.454690,49.75,2.640,0.000002497930,4.02
02,08,21,11,35,34,41734.380,7,52.066127,-7.452672,37.00,2.645,0.000002725388,4.02
02,08,21,11,41,03,42063.315,7,52.066180,-7.452358,41.25,2.350,0.000002665206,4.02
02,08,21,11,47,10,42430.520,6,52.064097,-7.449727,38.00,2.270,0.000000812475,4.02
02,08,21,11,52,08,42728.620,7,52.064201,-7.449970,56.00,2.530,0.000001959096,4.02
02,08,21,11,59,09,43149.370,8,52.064877,-7.450228,55.50,2.625,0.000001727288,4.02
02,08,21,12,06,10,43570.885,7,52.065446,-7.450385,44.25,2.675,0.000002131954,4.02
02,08,21,12,13,11,43991.385,6,52.065779,-7.450455,27.25,2.660,0.000000599010,4.02
02,08,21,12,18,11,44291.620,8,52.071629,-7.422718,69.00,2.495,0.000007007458,4.02
02,08,21,12,23,12,44592.125,7,52.071749,-7.422507,41.50,2.290,0.000001217808,4.02
02,08,21,12,28,13,44893.630,7,52.071551,-7.422375,42.50,2.275,0.000000878084,4.02
02,08,21,12,33,12,45192.625,7,52.071313,-7.422251,50.00,2.620,0.000001616638,4.02
02,08,21,12,38,12,45492.620,6,52.071151,-7.422363,73.25,2.795,0.000002537145,4.04
02,08,21,12,43,12,45792.625,7,52.071128,-7.422335,68.00,2.710,0.000002838931,4.02
02,08,21,12,48,12,46092.640,7,52.071183,-7.421616,50.75,2.590,0.000002077447,4.02
02,08,21,12,53,13,46393.140,8,52.071066,-7.420831,43.75,2.330,0.000003025420,4.02
02,08,21,12,58,14,46694.120,8,52.071128,-7.420697,66.75,2.000,0.000003777236,4.02
02,08,21,13,03,15,46995.150,7,52.070943,-7.420430,43.25,1.970,0.000002767951,4.02
02,08,21,13,08,15,47295.660,6,52.070620,-7.420107,26.25,2.390,0.000002107922,4.02
02,08,21,13,13,16,47596.140,7,52.070713,-7.420157,45.00,2.610,0.000003286173,4.02
02,08,21,13,18,16,47896.650,6,52.070506,-7.419952,24.50,2.505,0.000002761496,4.02
02,08,21,13,23,16,48196.645,6,52.070496,-7.420138,60.75,2.595,0.000001897303,4.02
02,08,21,13,28,16,48496.645,8,52.070449,-7.419511,51.75,2.690,0.000002699217,4.02
02,08,21,13,33,16,48796.650,7,52.070559,-7.418784,47.75,2.695,0.000004392176,4.02
02,08,21,13,38,17,49097.675,7,52.070524,-7.418151,24.75,2.665,0.000003868835,4.02
02,08,21,13,43,16,49396.665,7,52.070535,-7.417492,30.50,2.655,0.000005681680,4.02
02,08,21,13,48,17,49697.105,6,52.070125,-7.417827,26.50,2.380,0.000004437210,4.02
02,08,21,13,53,17,49997.620,7,52.072315,-7.410787,27.00,2.225,0.000006446137,4.02
02,08,21,13,58,17,50297.625,7,52.057615,-7.363155,32.00,2.545,0.000006372266,4.02
02,08,21,14,03,17,50597.655,9,52.046149,-7.319388,52.75,2.800,0.000006978607,4.02
02,08,21,14,10,04,51004.370,7,52.041781,-7.320181,19.25,2.640,0.000005746066,4.00
02,08,21,14,15,08,51308.140,5,52.041830,-7.319591,25.25,2.175,0.000001098415,4.02
02,08,21,14,20,11,51611.185,7,52.035511,-7.306777,33.00,1.930,0.000005857532,4.02
02,08,21,14,25,11,51911.660,12,52.046044,-7.311285,58.50,2.300,0.000005842908,4.02
02,08,21,14,30,11,52211.630,7,52.066694,-7.299075,37.25,2.830,0.000002671027,4.02
02,08,21,14,35,11,52511.660,9,52.061058,-7.256174,46.25,2.910,0.000006197543,4.02
02,08,21,14,40,11,52811.680,9,52.039603,-7.232024,66.75,2.710,0.000004283746,4.02
02,08,21,14,45,11,53111.660,9,52.044823,-7.227072,38.50,2.570,0.000006303935,4.02
02,08,21,14,50,11,53411.660,8,52.045705,-7.227046,49.50,2.590,0.000006774505,4.02
02,08,21,14,55,12,53712.160,8,52.046851,-7.226147,39.75,2.420,0.000001610473,4.02
02,08,21,15,00,59,54059.020,10,52.046617,-7.226274,64.75,9999.999,0.000004145398,4.00
02,08,21,15,05,59,54359.190,7,52.046776,-7.226223,18.00,2.605,0.000008198940,4.02
02,08,21,15,11,00,54660.185,8,52.046872,-7.226042,62.75,2.280,0.000005531653,4.02
02,08,21,15,16,02,54962.180,6,52.047064,-7.226062,80.50,2.020,0.000002928311,4.02
02,08,21,15,21,02,55262.190,8,52.047407,-7.225809,70.25,2.055,0.000005954261,4.02
02,08,21,15,26,01,55561.675,7,52.047404,-7.225461,94.25,2.450,0.000004734563,4.02
02,08,21,15,31,01,55861.690,9,52.042874,-7.215599,46.75,2.880,0.000003614602,4.02
02,08,21,15,36,01,56161.690,7,52.044712,-7.201029,55.25,2.905,0.000002107327,4.02
02,08,21,15,43,02,56582.975,8,52.044537,-7.200471,64.25,2.845,0.000006524607,4.02
02,08,21,15,48,03,56883.195,7,52.044443,-7.200477,53.25,2.555,0.000003157313,4.02
02,08,21,15,55,04,57304.505,6,52.035572,-7.218769,34.50,2.205,0.000004464177,4.02
02,08,21,16,02,05,57725.525,8,52.035005,-7.216156,78.00,2.340,0.000008183343,4.00
02,08,21,16,07,05,58025.700,7,52.034009,-7.216383,75.00,2.680,0.000002150134,4.02
02,08,21,16,12,05,58325.700,7,52.020448,-7.211859,98.50,2.870,0.000004143681,4.00
02,08,21,16,17,06,58626.200,6,52.036525,-7.216490,67.75,2.545,0.000003707302,4.02
02,08,21,16,22,05,58925.695,6,52.036563,-7.216599,51.00,2.285,0.000002970633,4.02
02,08,21,16,27,06,59226.205,8,52.036351,-7.216456,58.50,2.320,0.000004759897,4.02
02,08,21,16,32,06,59526.710,7,52.036277,-7.216601,45.50,2.475,0.000004551850,4.02
02,08,21,16,37,07,59827.205,6,52.036053,-7.216376,56.00,2.535,0.000004851784,4.02
02,08,21,16,42,08,60128.215,6,52.035948,-7.216250,72.00,2.240,0.000002562534,4.02
02,08,21,16,47,09,60429.210,8,52.036041,-7.216341,45.75,2.065,0.000004679111,4.02
02,08,21,16,52,09,60729.725,7,52.036497,-7.216355,44.75,2.380,0.000002455222,4.02
02,08,21,16,57,10,61030.230,6,52.036489,-7.215793,45.25,2.635,0.000000837228,4.02
02,08,21,17,02,14,61334.235,5,52.036723,-7.215433,62.75,2.360,0.000000411292,4.02
02,08,21,17,07,12,61632.230,7,52.036485,-7.215054,59.50,2.095,0.000001648600,4.02
02,08,21,17,12,12,61932.235,6,52.036477,-7.214499,48.25,2.100,0.000001994776,4.02
02,08,21,17,17,13,62233.230,7,52.036346,-7.213875,57.25,2.235,0.000001941168,4.02
02,08,21,17,22,14,62534.235,6,52.036223,-7.213475,50.00,2.300,0.000000417031,4.02
02,08,21,17,27,15,62835.240,6,52.035807,-7.212397,70.75,2.270,0.000001015241,4.02
02,08,21,17,32,16,63136.240,6,52.035635,-7.212044,62.75,2.225,0.000002220648,4.02
02,08,21,17,37,17,63437.255,6,52.035533,-7.211656,92.00,2.225,0.000002724161,4.02
02,08,21,17,42,18,63738.255,6,52.035325,-7.210936,90.75,2.255,0.000002418772,4.02
02,08,21,17,47,20,64040.245,5,52.035000,-7.210231,41.50,2.265,0.000000233659,4.02
02,08,21,17,52,20,64340.745,6,52.034633,-7.209598,60.75,2.500,0.000002282906,4.02
02,08,21,17,58,51,64731.330,6,52.015761,-7.190958,62.50,2.655,0.000000901800,4.02
02,08,21,18,03,51,65031.755,7,52.006186,-7.202537,69.50,2.620,0.000003016175,4.00
02,08,21,18,08,51,65331.750,7,51.981596,-7.204504,62.25,2.735,0.000003187550,4.02
02,08,21,18,13,51,65631.755,11,51.976743,-7.246573,59.25,2.810,0.000004060282,4.02
02,08,21,18,18,51,65931.710,6,52.004586,-7.241637,66.00,2.770,0.000001562485,4.00
02,08,21,18,25,53,66353.040,6,52.008503,-7.232957,92.75,2.855,0.000002478870,4.02
02,08,21,18,32,23,66743.335,9,52.008788,-7.231654,58.00,2.730,0.000007213878,4.02
02,08,21,18,38,22,67102.170,7,52.021948,-7.219427,87.25,2.690,0.000003327499,4.02
02,08,21,18,43,21,67401.750,9,52.017132,-7.194259,59.00,2.940,0.000006412714,4.02
02,08,21,18,48,21,67701.750,7,52.010486,-7.179208,61.75,2.875,0.000003215628,4.00
02,08,21,18,54,44,68084.785,5,52.009882,-7.166643,102.25,2.735,0.000000824200,4.00
02,08,21,19,00,48,68448.225,6,52.009595,-7.166071,59.25,2.935,0.000001974350,4.02
02,08,21,19,05,56,68756.355,5,52.009420,-7.165951,81.75,2.890,0.000000165379,4.02
02,08,21,19,10,55,69055.790,6,52.009866,-7.150473,61.75,2.550,0.000000840159,4.02
02,08,21,19,18,07,69487.090,4,52.034850,-7.144268,61.00,2.770,0.000001118583,4.02
02,08,21,19,22,58,69778.270,6,52.036517,-7.143525,61.00,9999.999,0.000002783989,4.00
02,08,21,19,27,57,70077.770,10,52.036031,-7.104446,75.75,2.520,0.000004206684,4.00
02,08,21,19,32,57,70377.760,7,52.010255,-7.101550,79.75,2.640,0.000005761757,4.00
02,08,21,19,38,00,70680.810,7,52.009458,-7.102129,44.75,2.845,0.000002979419,4.00
02,08,21,19,43,00,70980.775,6,52.009315,-7.102098,42.75,2.895,0.000001436617,4.02
02,08,21,19,48,00,71280.785,9,52.009687,-7.105682,68.00,2.805,0.000007652318,4.00
02,08,21,19,53,00,71580.795,8,52.022653,-7.090716,50.25,2.745,0.000004166247,4.02
02,08,21,19,58,01,71881.285,8,52.037654,-7.046438,46.75,2.510,0.000003677573,4.00
02,08,21,20,03,01,72181.800,7,52.042552,-6.996374,46.50,2.425,0.000002395471,4.00
02,08,21,20,08,02,72482.295,6,52.038324,-6.981022,33.25,2.505,0.000002978481,4.00
02,08,21,20,13,04,72784.305,7,52.037844,-6.981460,36.25,2.340,0.000002236273,4.00
02,08,21,20,18,05,73085.300,8,52.037762,-6.982437,41.50,2.220,0.000002305403,4.00
02,08,21,20,23,05,73385.800,7,52.037858,-6.983280,48.50,2.490,0.000001433819,4.00
02,08,21,20,28,05,73685.770,7,52.038835,-6.944005,33.25,2.920,0.000003565516,4.02
02,08,21,20,33,05,73985.800,7,52.058547,-6.893289,37.75,3.000,0.000001998150,4.00
02,08,21,20,38,05,74285.780,8,52.087195,-6.850633,23.50,2.830,0.000004358675,4.00
02,08,21,20,43,05,74585.810,7,52.109063,-6.803928,48.75,2.710,0.000002569540,4.02
02,08,21,20,48,06,74886.320,6,52.109335,-6.791767,59.25,2.505,0.000003055195,4.00
02,08,21,20,53,06,75186.825,6,52.109208,-6.791798,64.50,2.470,0.000001229993,4.02
02,08,21,20,58,07,75487.320,6,52.109129,-6.791965,44.25,2.555,0.000002033678,4.00
02,08,21,21,03,08,75788.325,7,52.108935,-6.792022,54.25,2.365,0.000001133079,4.00
02,08,21,21,08,09,76089.325,7,52.108789,-6.792382,42.25,2.230,0.000001411122,4.00
02,08,21,21,13,10,76390.330,8,52.108423,-6.792648,65.00,2.260,0.000003792117,4.00
02,08,21,21,18,10,76690.830,7,52.108204,-6.793232,59.50,2.595,0.000001791159,4.00
02,08,21,21,23,11,76991.325,9,52.107781,-6.793644,51.75,2.745,0.000002665970,4.00
02,08,21,21,28,11,77291.835,7,52.107194,-6.793662,57.00,2.655,0.000003585881,4.00
02,08,21,21,33,11,77591.835,7,52.106658,-6.794027,57.75,2.790,0.000001952975,4.00
02,08,21,21,38,12,77892.340,6,52.106080,-6.794040,47.25,2.655,0.000001743230,4.00
02,08,21,21,43,13,78193.335,6,52.105705,-6.794340,57.75,2.270,0.000000992737,4.00
02,08,21,21,48,14,78494.340,7,52.105433,-6.794854,50.00,2.145,0.000001540241,4.00
02,08,21,21,53,15,78795.845,6,52.105120,-6.795362,49.50,2.530,0.000000522491,4.02
02,08,21,21,58,15,79095.340,6,52.104884,-6.796170,49.25,2.785,0.000002516840,4.02
02,08,21,22,03,16,79396.345,7,52.104682,-6.796872,55.75,2.470,0.000001786074,4.00
02,08,21,22,08,17,79697.340,7,52.104615,-6.797590,51.50,2.185,0.000001935641,4.00
02,08,21,22,13,18,79998.345,6,52.104569,-6.798128,45.50,2.200,0.000002025373,4.02
02,08,21,22,18,19,80299.350,7,52.104281,-6.798601,47.75,2.355,0.000002727992,4.02
02,08,21,22,23,20,80600.855,6,52.104169,-6.799112,45.75,2.680,0.000000773112,4.02
02,08,21,22,28,20,80900.350,6,52.114638,-6.767423,72.75,2.765,0.000004369750,4.00
02,08,21,22,33,19,81199.855,8,52.121690,-6.697306,55.75,2.645,0.000002212259,4.00
02,08,21,22,38,19,81499.845,8,52.132583,-6.623856,62.00,2.790,0.000004292034,4.02
02,08,21,22,43,19,81799.850,7,52.139473,-6.589076,67.75,2.920,0.000004954002,4.00
02,08,21,22,48,21,82101.320,5,52.139734,-6.588254,41.00,2.650,0.000000142658,4.00
02,08,21,22,53,29,82409.510,5,52.139940,-6.587877,67.50,2.280,0.000000972582,4.00
02,08,21,22,58,32,82712.280,3,0.000000,0.000000,0.00,9999.999,9999.999000000000,4.00
02,08,21,23,03,30,83010.020,4,52.139059,-6.588569,67.00,2.580,0.000001141816,4.00
02,08,21,23,08,31,83311.980,4,52.139154,-6.587951,67.00,3.150,0.000000035956,4.00
02,08,21,23,13,21,83601.330,7,52.139900,-6.587339,-17.50,9999.999,0.000006988964,4.00
