day,month,year,hour,minute,second,abs.second,sats,Latitude,Longitude,Altitude,var1,var2,var3
26,07,21,02,59,02,10742.090,0,0.000000,0.000000,0.00,9999.999,9999.999000000000,4.14
26,07,21,03,04,02,11042.090,0,0.000000,0.000000,0.00,9999.999,9999.999000000000,4.14
26,07,21,03,09,02,11342.090,0,0.000000,0.000000,0.00,9999.999,9999.999000000000,4.14
26,07,21,03,14,02,11642.090,0,0.000000,0.000000,0.00,9999.999,9999.999000000000,4.14
26,07,21,03,19,00,11940.450,4,52.138689,-6.589141,0.00,9999.999,0.000000531799,4.14
26,07,21,03,24,02,12242.480,5,52.138571,-6.589077,59.25,-3.535,0.000000419095,4.14
26,07,21,03,28,53,12533.115,6,52.139681,-6.602651,53.00,-3.515,0.000001536358,4.14
26,07,21,03,33,52,12832.605,6,52.142475,-6.625482,22.25,-3.630,0.000002336204,4.14
26,07,21,03,38,51,13131.610,6,52.143158,-6.642278,62.75,-3.450,0.000004071254,4.14
26,07,21,03,43,53,13433.120,6,52.143277,-6.643873,64.50,-3.545,0.000002520610,4.14
26,07,21,03,48,52,13732.125,6,52.143307,-6.644817,56.25,-3.925,0.000003750439,4.14
26,07,21,03,53,53,14033.625,8,52.143217,-6.645581,67.50,-3.815,0.000006230372,4.12
26,07,21,03,58,53,14333.615,6,52.142623,-6.645744,51.50,-3.325,0.000003432156,4.14
26,07,21,04,03,53,14633.125,7,52.139227,-6.648753,51.50,-3.385,0.000002161180,4.14
26,07,21,04,08,54,14934.635,6,52.138093,-6.648710,58.25,-3.650,0.000004752843,4.14
26,07,21,04,13,53,15233.630,6,52.135647,-6.649463,43.75,-3.500,0.000002189676,4.14
26,07,21,04,18,53,15533.640,7,52.132940,-6.653480,41.50,-3.290,0.000004020883,4.14
26,07,21,04,23,55,15835.130,6,52.132179,-6.655569,48.50,-3.510,0.000002553515,4.12
26,07,21,04,28,56,16136.130,6,52.133553,-6.655804,55.75,-3.980,0.000002757486,4.14
26,07,21,04,33,55,16435.630,7,52.132972,-6.654592,53.50,-3.855,0.000004121173,4.12
26,07,21,04,38,56,16736.635,7,52.132387,-6.653286,55.25,-3.305,0.000002807749,4.14
26,07,21,04,43,56,17036.135,7,52.131791,-6.652184,43.25,9999.999,0.000003372321,4.14
26,07,21,04,49,00,17340.155,5,52.125456,-6.651161,28.00,-3.855,0.000000547573,4.12
26,07,21,04,53,59,17639.145,6,52.128046,-6.650629,49.00,-4.125,0.000002805234,4.14
26,07,21,04,58,59,17939.165,6,52.127220,-6.649418,65.00,-3.980,0.000002506166,4.12
26,07,21,05,04,01,18241.160,6,52.125560,-6.648101,52.00,-3.765,0.000002140555,4.12
26,07,21,05,09,02,18542.145,6,52.124507,-6.646896,57.25,-3.740,0.000002239754,4.12
26,07,21,05,14,03,18843.160,5,52.122993,-6.645523,60.25,-3.835,0.000001111868,4.14
26,07,21,05,19,02,19142.165,6,52.126187,-6.648076,87.75,-3.885,0.000001843565,4.12
26,07,21,05,24,02,19442.645,8,52.127162,-6.644786,52.25,-3.620,0.000005887807,4.12
26,07,21,05,29,04,19744.140,7,52.120092,-6.644129,65.50,-3.475,0.000004759078,4.12
26,07,21,05,34,03,20043.645,6,52.118323,-6.644369,60.25,-3.535,0.000003004822,4.12
26,07,21,05,39,05,20345.155,5,52.116381,-6.642166,77.00,-3.630,0.000000226091,4.12
26,07,21,05,44,04,20644.660,9,52.085137,-6.616105,60.00,-3.640,0.000005249471,4.12
26,07,21,05,49,09,20949.150,5,52.080717,-6.613409,63.25,-3.600,0.000000624961,4.12
26,07,21,05,54,07,21247.160,6,52.080451,-6.611592,65.00,-3.825,0.000004890247,4.14
26,07,21,05,59,10,21550.645,5,52.080687,-6.609347,45.25,-3.710,0.000000281012,4.12
26,07,21,06,04,07,21847.170,7,52.086299,-6.605729,76.75,-3.535,0.000000483589,4.12
26,07,21,06,09,11,22151.145,5,52.086431,-6.601051,26.00,-3.755,0.000000313634,4.12
26,07,21,06,14,12,22452.155,5,52.087050,-6.597984,95.00,-3.960,0.000001818681,4.14
26,07,21,06,19,12,22752.150,5,52.087145,-6.595033,55.00,-3.950,0.000001085879,4.12
26,07,21,06,24,10,23050.160,7,52.086955,-6.589986,58.25,-3.840,0.000005382385,4.12
26,07,21,06,29,14,23354.180,7,52.087141,-6.586055,71.75,-3.775,0.000004182403,4.12
26,07,21,06,34,15,23655.155,8,52.090451,-6.574832,49.00,-3.800,0.000003130008,4.12
26,07,21,06,39,15,23955.660,7,52.105586,-6.540101,74.75,-3.605,0.000001093910,4.12
26,07,21,06,44,16,24256.655,7,52.118326,-6.505863,31.50,-3.245,0.000001534391,4.12
26,07,21,06,49,16,24556.155,7,52.119118,-6.502717,47.00,-3.415,0.000003074718,4.14
26,07,21,06,54,17,24857.165,7,52.119943,-6.499332,53.25,-3.925,0.000004255321,4.12
26,07,21,06,59,18,25158.165,7,52.120868,-6.495262,44.00,-4.090,0.000003442291,4.12
26,07,21,07,04,19,25459.660,8,52.121826,-6.491186,46.00,-3.670,0.000002199077,4.12
26,07,21,07,09,19,25759.160,8,52.122583,-6.486775,48.75,-3.380,0.000003797381,4.12
26,07,21,07,14,19,26059.670,7,52.126420,-6.477932,33.25,-3.440,0.000003345002,4.12
26,07,21,07,19,19,26359.170,8,52.125217,-6.461334,53.50,-3.610,0.000004591970,4.12
26,07,21,07,24,21,26661.170,6,52.117110,-6.433288,28.75,-3.915,0.000000691674,4.12
26,07,21,07,29,21,26961.165,7,52.118454,-6.429292,50.50,-3.985,0.000004734068,4.12
26,07,21,07,34,23,27263.175,6,52.119581,-6.424376,44.00,-3.865,0.000000860441,4.12
26,07,21,07,39,23,27563.675,7,52.120916,-6.419011,44.75,-3.515,0.000001540324,4.12
26,07,21,07,44,22,27862.665,7,52.122377,-6.414036,48.50,-3.155,0.000003785964,4.12
26,07,21,07,49,26,28166.165,5,52.127135,-6.397941,26.50,-3.405,0.000000781530,4.12
26,07,21,07,54,23,28463.675,7,52.127888,-6.392284,53.75,-3.705,0.000002702300,4.12
26,07,21,07,59,25,28765.165,6,52.128412,-6.386047,58.75,-3.730,0.000002594056,4.12
26,07,21,08,04,25,29065.670,7,52.128779,-6.380106,45.25,-3.595,0.000002932902,4.12
26,07,21,08,09,25,29365.675,7,52.129941,-6.374195,56.50,-3.260,0.000003045167,4.12
26,07,21,08,14,26,29666.210,6,52.130973,-6.367489,46.25,-3.390,0.000001023935,4.12
26,07,21,08,19,26,29966.180,8,52.132030,-6.361476,70.50,-3.870,0.000002291546,4.12
26,07,21,08,24,26,30266.670,9,52.125194,-6.346837,55.75,-3.815,0.000005671264,4.12
26,07,21,08,29,26,30566.685,7,52.142218,-6.306504,63.50,-3.295,0.000001455009,4.12
26,07,21,08,34,27,30867.185,7,52.145404,-6.298481,52.25,9999.999,0.000001658671,4.12
26,07,21,08,39,29,31169.165,6,52.147262,-6.292603,50.50,-3.825,0.000002129360,4.12
26,07,21,08,45,22,31522.955,8,52.155382,-6.283679,28.25,9999.999,0.000002863363,4.12
26,07,21,08,50,31,31831.255,8,52.158191,-6.277975,35.75,-3.395,0.000001571645,4.12
26,07,21,08,55,32,32132.175,8,52.160800,-6.272181,45.25,-3.570,0.000002255732,4.12
26,07,21,09,00,32,32432.680,9,52.171360,-6.236377,42.50,-3.660,0.000002965896,4.12
26,07,21,09,05,33,32733.180,9,52.183008,-6.202638,53.00,-3.615,0.000002750666,4.12
26,07,21,09,10,33,33033.685,8,52.187854,-6.160186,61.50,-3.545,0.000002374088,4.12
26,07,21,09,15,34,33334.185,7,52.200719,-6.130678,56.50,-3.530,0.000004625635,4.12
26,07,21,09,20,35,33635.180,10,52.214933,-6.116433,51.25,-3.810,0.000004107977,4.12
26,07,21,09,25,36,33936.180,8,52.238354,-6.092208,31.00,-3.960,0.000003597887,4.12
26,07,21,09,30,37,34237.180,9,52.261318,-6.064186,46.00,-3.895,0.000004227537,4.10
26,07,21,09,35,38,34538.185,9,52.274516,-6.017773,54.50,-3.785,0.000004487576,4.12
26,07,21,09,40,38,34838.685,8,52.276255,-5.982190,62.25,-3.510,0.000006100468,4.10
26,07,21,09,45,38,35138.690,8,52.298031,-5.952551,63.50,-3.175,0.000005986728,4.12
26,07,21,09,50,50,35450.255,5,52.308656,-5.946271,21.75,-3.360,0.000000621196,4.10
26,07,21,09,55,47,35747.690,7,52.312932,-5.943110,36.50,-3.620,0.000003888867,4.12
26,07,21,10,00,47,36047.680,7,52.316979,-5.941464,61.75,-3.445,0.000004797903,4.10
26,07,21,10,05,48,36348.185,7,52.321774,-5.937314,46.50,-3.480,0.000007375120,4.12
26,07,21,10,10,59,36659.270,7,52.326704,-5.934190,63.25,-3.790,0.000004351493,4.12
26,07,21,10,16,00,36960.200,7,52.330299,-5.930308,56.25,-3.920,0.000003557179,4.10
26,07,21,10,21,15,37275.250,6,52.334146,-5.926427,51.50,-3.840,0.000004539806,4.12
26,07,21,10,26,14,37574.180,7,52.337555,-5.922598,40.75,-3.745,0.000005251121,4.12
26,07,21,10,31,13,37873.695,7,52.340954,-5.918661,46.00,-3.515,0.000002934122,4.12
26,07,21,10,36,15,38175.205,6,52.344021,-5.915347,44.25,-3.435,0.000002219489,4.12
26,07,21,10,41,16,38476.705,7,52.346678,-5.912007,27.00,-3.505,0.000005809523,4.12
26,07,21,10,46,24,38784.275,8,52.349478,-5.908611,40.25,-3.545,0.000005315194,4.10
26,07,21,10,51,25,39085.205,8,52.352415,-5.905084,23.75,-3.780,0.000004041363,4.12
26,07,21,10,56,26,39386.710,8,52.359822,-5.890096,41.50,-3.660,0.000004586947,4.12
26,07,21,11,01,25,39685.700,8,52.381902,-5.881219,32.75,-3.235,0.000004075252,4.10
26,07,21,11,06,26,39986.695,9,52.402260,-5.899928,46.00,-3.090,0.000004378567,4.12
26,07,21,11,11,26,40286.210,8,52.423855,-5.912314,26.00,-3.475,0.000004378859,4.10
26,07,21,11,16,26,40586.705,10,52.444789,-5.910628,41.25,-3.735,0.000004101974,4.12
26,07,21,11,21,27,40887.695,7,52.448358,-5.910774,19.00,-3.430,0.000005532554,4.10
26,07,21,11,26,27,41187.720,7,52.450184,-5.908891,29.25,-3.140,0.000003415642,4.10
26,07,21,11,31,38,41498.860,0,0.000000,0.000000,0.00,9999.999,9999.999000000000,4.10
26,07,21,11,36,28,41788.230,6,52.455150,-5.897100,60.00,-3.380,0.000005476441,4.10
26,07,21,11,41,26,42086.720,7,52.456634,-5.895144,52.75,-3.645,0.000002805478,4.10
26,07,21,11,46,41,42401.805,7,52.458660,-5.892304,46.50,-3.370,0.000001887286,4.10
26,07,21,11,52,13,42733.870,7,52.460131,-5.890867,52.00,-3.025,0.000003679084,4.10
26,07,21,11,57,13,43033.225,7,52.461180,-5.889656,52.00,-3.280,0.000003677415,4.10
26,07,21,12,02,13,43333.710,7,52.481130,-5.881175,53.00,-3.660,0.000006613176,4.10
26,07,21,12,07,14,43634.200,7,52.482288,-5.879201,47.25,-3.735,0.000002775238,4.12
26,07,21,12,12,15,43935.715,7,52.484396,-5.881662,41.00,-3.580,0.000002791610,4.12
26,07,21,12,17,15,44235.150,6,52.484589,-5.881793,55.75,-3.490,0.000002207133,4.10
26,07,21,12,23,08,44588.980,6,52.485489,-5.878932,55.00,-3.390,0.000001159338,4.10
26,07,21,12,28,08,44888.700,7,52.486156,-5.877346,65.50,-3.110,0.000002917627,4.10
26,07,21,12,33,09,45189.200,6,52.486202,-5.876655,51.00,-3.410,0.000000942623,4.10
26,07,21,12,38,08,45488.720,8,52.506128,-5.883845,51.00,-3.690,0.000002967245,4.12
26,07,21,12,43,08,45788.730,7,52.528886,-5.883466,54.50,-3.415,0.000001413849,4.10
26,07,21,12,48,08,46088.725,7,52.530954,-5.902857,37.75,-3.135,0.000003013516,4.12
26,07,21,12,53,08,46388.725,11,52.548826,-5.896214,52.50,-3.135,0.000004759344,4.12
26,07,21,12,58,09,46689.235,8,52.555245,-5.883047,46.00,-3.520,0.000001922887,4.10
26,07,21,13,03,09,46989.730,8,52.554047,-5.882702,43.00,-3.710,0.000001237898,4.10
26,07,21,13,08,10,47290.720,6,52.552673,-5.882802,41.25,-3.370,0.000001726312,4.10
26,07,21,13,13,09,47589.740,8,52.551174,-5.882952,42.25,-3.100,0.000001987505,4.12
26,07,21,13,18,09,47889.750,7,52.549663,-5.883107,67.00,-3.120,0.000001789636,4.10
26,07,21,13,23,10,48190.250,6,52.547640,-5.883429,50.00,-3.510,0.000002354663,4.10
26,07,21,13,28,20,48500.280,7,52.545057,-5.884520,36.75,-3.930,0.000003073996,4.10
26,07,21,13,33,22,48802.220,6,52.542830,-5.884744,18.25,-3.960,0.000002605152,4.10
26,07,21,13,38,21,49101.750,6,52.540977,-5.884459,15.25,-3.530,0.000001485497,4.10
26,07,21,13,43,32,49412.490,7,52.538592,-5.885162,47.50,-3.165,0.000003070646,4.10
26,07,21,13,48,22,49702.725,8,52.535903,-5.886131,52.00,-3.210,0.000004631633,4.10
26,07,21,13,53,23,50003.240,7,52.533364,-5.886431,46.00,-3.540,0.000003332500,4.10
26,07,21,13,58,24,50304.760,8,52.530525,-5.887157,30.25,-3.665,0.000003075175,4.10
26,07,21,14,03,24,50604.715,7,52.527577,-5.888770,15.75,-3.325,0.000002740046,4.10
26,07,21,14,08,24,50904.775,7,52.524706,-5.889401,25.25,-3.085,0.000006278506,4.12
26,07,21,14,13,25,51205.255,7,52.521735,-5.891033,33.50,-3.365,0.000003829084,4.10
26,07,21,14,18,25,51505.705,7,52.518342,-5.893277,30.25,-3.660,0.000005235514,4.10
26,07,21,14,23,25,51805.760,7,52.515082,-5.894494,35.00,-3.415,0.000005692418,4.10
26,07,21,14,28,29,52109.245,5,52.512173,-5.896296,-88.25,-3.375,0.000000579778,4.12
26,07,21,14,33,26,52406.725,7,52.507861,-5.898379,28.00,-3.495,0.000005146853,4.10
26,07,21,14,38,28,52708.245,6,52.504347,-5.900004,47.75,-3.575,0.000003237490,4.10
26,07,21,14,43,27,53007.735,7,52.500648,-5.901789,34.50,-3.550,0.000005350665,4.10
26,07,21,14,48,29,53309.250,6,52.496790,-5.903789,60.00,-3.495,0.000002866139,4.10
26,07,21,14,53,28,53608.735,8,52.492769,-5.905336,29.50,-3.480,0.000005790907,4.10
26,07,21,14,58,28,53908.740,7,52.489119,-5.906888,41.25,-3.255,0.000006670506,4.10
26,07,21,15,03,28,54208.745,8,52.485217,-5.908566,60.50,-3.145,0.000004244461,4.10
26,07,21,15,08,28,54508.755,7,52.481349,-5.910336,52.50,-3.195,0.000003794018,4.10
26,07,21,15,13,28,54808.745,7,52.477305,-5.912219,26.25,-3.275,0.000007231890,4.10
26,07,21,15,18,28,55108.755,7,52.473256,-5.914177,81.50,-3.290,0.000007770832,4.10
26,07,21,15,23,28,55408.760,8,52.469350,-5.915938,70.00,-3.250,0.000004660638,4.10
26,07,21,15,28,28,55708.760,8,52.465370,-5.917820,68.50,-3.220,0.000006131578,4.10
26,07,21,15,33,29,56009.250,7,52.461567,-5.919805,39.50,-3.480,0.000002504367,4.10
26,07,21,15,38,29,56309.760,8,52.457901,-5.921349,77.00,-3.625,0.000007226462,4.10
26,07,21,15,43,29,56609.755,8,52.454248,-5.923082,54.00,-3.315,0.000002327504,4.10
26,07,21,15,48,29,56909.765,8,52.450718,-5.924386,75.75,-3.085,0.000006392998,4.10
26,07,21,15,53,29,57209.755,7,52.446851,-5.925801,77.25,-3.125,0.000007465964,4.10
26,07,21,15,58,30,57510.255,6,52.443010,-5.928599,68.00,-3.515,0.000002807955,4.10
26,07,21,16,03,31,57811.255,7,52.439399,-5.930104,51.75,-3.940,0.000003104081,4.10
26,07,21,16,08,31,58111.760,8,52.435680,-5.931809,35.25,-3.705,0.000004598107,4.10
26,07,21,16,13,31,58411.765,7,52.432088,-5.933494,35.25,-3.120,0.000002971744,4.10
26,07,21,16,18,32,58712.260,7,52.428831,-5.935237,46.00,9999.999,0.000002296744,4.10
26,07,21,16,23,32,59012.770,7,52.425563,-5.936501,67.25,-3.485,0.000003161924,4.10
26,07,21,16,28,33,59313.265,7,52.422219,-5.937937,48.00,-3.665,0.000003684063,4.10
26,07,21,16,33,33,59613.765,7,52.419269,-5.939216,39.00,-3.575,0.000004353199,4.10
26,07,21,16,38,33,59913.775,7,52.416373,-5.940089,49.25,-3.185,0.000002751068,4.10
26,07,21,16,43,34,60214.275,6,52.413403,-5.940821,57.25,-3.280,0.000000700977,4.10
26,07,21,16,48,36,60516.280,5,52.410596,-5.941681,58.75,-3.770,0.000000505002,4.10
26,07,21,16,53,35,60815.270,7,52.407997,-5.944411,56.75,-3.970,0.000001472461,4.10
26,07,21,16,58,35,61115.770,6,52.413578,-5.941806,45.00,-3.580,0.000000554547,4.10
26,07,21,17,05,27,61527.850,5,52.411762,-5.940272,56.50,-2.995,0.000000366759,4.10
26,07,21,17,10,25,61825.785,6,52.409137,-5.941239,61.25,-2.890,0.000001063300,4.10
26,07,21,17,15,27,62127.280,5,52.417191,-5.937776,60.75,-3.415,0.000000528697,4.08
26,07,21,17,20,54,62454.405,6,52.414552,-5.938995,52.50,-3.920,0.000002132098,4.08
26,07,21,17,25,58,62758.340,5,52.412531,-5.939772,66.00,-3.880,0.000000172935,4.08
26,07,21,17,30,57,63057.790,6,52.407926,-5.944220,60.75,-3.415,0.000001572010,4.08
26,07,21,17,35,58,63358.285,6,52.415408,-5.952530,71.50,-3.230,0.000002099106,4.10
26,07,21,17,40,59,63659.260,7,52.414405,-5.958784,74.00,-3.635,0.000003694850,4.10
26,07,21,17,45,59,63959.745,6,52.423332,-5.943740,48.25,-3.700,0.000000448213,4.08
26,07,21,17,50,59,64259.790,6,52.414813,-5.917492,69.25,-3.265,0.000003908194,4.10
26,07,21,17,56,00,64560.275,6,52.394462,-5.911658,45.50,-3.250,0.000000998061,4.08
26,07,21,18,01,00,64860.790,6,52.379618,-5.936561,71.50,-3.460,0.000001709900,4.08
26,07,21,18,06,00,65160.790,5,52.365924,-5.977452,69.25,-3.315,0.000000341911,4.08
26,07,21,18,11,01,65461.285,6,52.359671,-5.988754,58.75,-3.390,0.000003863774,4.10
26,07,21,18,16,01,65761.780,6,52.359612,-5.988539,46.75,-3.505,0.000002134407,4.10
26,07,21,18,21,01,66061.785,6,52.359728,-5.988128,45.00,-3.275,0.000002636131,4.10
26,07,21,18,26,02,66362.285,6,52.360003,-5.987691,57.75,-3.350,0.000003202413,4.08
26,07,21,18,31,02,66662.790,6,52.360392,-5.987119,47.00,-3.500,0.000003731624,4.10
26,07,21,18,36,02,66962.770,6,52.360793,-5.986495,49.25,-3.295,0.000001729289,4.08
26,07,21,18,41,02,67262.795,8,52.361578,-5.985423,52.25,-3.115,0.000004313976,4.10
26,07,21,18,46,02,67562.775,7,52.362706,-5.984357,118.75,-3.125,0.000004185091,4.08
26,07,21,18,51,03,67863.305,6,52.363510,-5.983537,39.50,-3.465,0.000002101184,4.08
26,07,21,18,56,04,68164.795,6,52.364694,-5.982573,53.50,-3.620,0.000005071816,4.10
26,07,21,19,01,03,68463.810,6,52.365895,-5.981364,53.50,-3.275,0.000002484404,4.10
26,07,21,19,06,04,68764.295,7,52.367465,-5.980142,79.25,-3.275,0.000003498658,4.10
26,07,21,19,11,04,69064.795,10,52.369888,-5.979085,85.00,-3.455,0.000003176299,4.10
26,07,21,19,16,05,69365.795,6,52.379446,-5.975858,65.00,-3.295,0.000002418207,4.08
26,07,21,19,21,05,69665.795,6,52.381004,-5.974648,63.75,-3.125,0.000004227241,4.08
26,07,21,19,26,05,69965.785,7,52.383034,-5.973519,89.75,-3.125,0.000004010894,4.08
26,07,21,19,31,06,70266.295,7,52.384982,-5.972164,66.75,-3.460,0.000003172371,4.10
26,07,21,19,36,05,70565.790,8,52.400892,-5.974836,75.75,-3.625,0.000003398047,4.08
26,07,21,19,41,08,70868.815,8,52.409558,-5.980883,69.75,-3.280,0.000004972449,4.08
26,07,21,19,46,08,71168.810,7,52.430599,-5.969759,57.25,-3.015,0.000002820454,4.10
26,07,21,19,52,09,71529.115,7,52.410635,-5.994640,91.00,-2.905,0.000004684966,4.08
26,07,21,19,57,09,71829.805,7,52.412531,-5.992589,81.50,-2.985,0.000006033984,4.08
26,07,21,20,02,09,72129.795,9,52.412023,-5.980362,66.25,-3.240,0.000004164727,4.08
26,07,21,20,07,09,72429.790,7,52.384558,-5.976712,69.75,-3.335,0.000007071138,4.08
26,07,21,20,12,09,72729.815,9,52.358555,-5.978796,58.25,-3.245,0.000006615695,4.08
26,07,21,20,17,09,73029.815,8,52.341879,-5.964548,60.75,-3.140,0.000003952971,4.08
26,07,21,20,22,10,73330.290,7,52.328192,-5.994093,69.50,-3.395,0.000003154813,4.08
26,07,21,20,27,10,73630.785,6,52.335305,-6.037588,56.00,-3.590,0.000003073977,4.08
26,07,21,20,32,11,73931.300,7,52.348362,-6.064961,63.75,-3.555,0.000003152714,4.08
26,07,21,20,37,11,74231.815,9,52.326695,-6.069551,52.50,-3.425,0.000005089086,4.08
26,07,21,20,42,11,74531.815,6,52.310387,-6.045376,38.00,-3.120,0.000001124480,4.08
26,07,21,20,47,12,74832.320,8,52.314622,-6.042407,46.25,-3.280,0.000001555883,4.08
26,07,21,20,52,14,75134.310,6,52.318661,-6.039814,62.75,-3.765,0.000001679125,4.08
26,07,21,20,57,14,75434.325,7,52.322490,-6.037172,52.25,-3.925,0.000002398719,4.08
26,07,21,21,02,14,75734.825,7,52.326352,-6.034395,53.00,-3.505,0.000001179302,4.08
26,07,21,21,07,15,76035.325,7,52.330225,-6.031912,49.25,-3.215,0.000002009679,4.08
26,07,21,21,12,15,76335.325,7,52.334037,-6.029372,47.00,-3.530,0.000004319933,4.08
26,07,21,21,17,16,76636.320,8,52.337858,-6.027079,41.25,-3.835,0.000002326496,4.08
26,07,21,21,22,16,76936.825,7,52.341705,-6.024609,46.75,-3.580,0.000003653898,4.08
26,07,21,21,27,17,77237.330,7,52.345578,-6.022160,44.75,-3.295,0.000002014102,4.08
26,07,21,21,32,17,77537.825,7,52.349773,-6.019580,51.25,-3.280,0.000003029655,4.08
26,07,21,21,37,17,77837.820,8,52.353768,-6.016988,59.25,-3.170,0.000002491229,4.08
26,07,21,21,42,17,78137.820,8,52.357512,-6.014597,50.50,-3.125,0.000005534265,4.08
26,07,21,21,47,18,78438.335,8,52.361366,-6.011996,56.00,-3.400,0.000002776819,4.08
26,07,21,21,52,18,78738.830,8,52.365229,-6.009616,56.75,-3.555,0.000002875401,4.08
26,07,21,21,57,18,79038.825,7,52.368797,-6.007364,60.25,-3.250,0.000005562448,4.08
26,07,21,22,02,19,79339.340,6,52.372415,-6.005175,43.75,-3.265,0.000000646932,4.08
26,07,21,22,07,19,79639.835,8,52.376263,-6.002975,83.25,-3.420,0.000008523828,4.08
26,07,21,22,12,20,79940.340,7,52.379665,-6.000802,55.50,-3.490,0.000001107863,4.08
26,07,21,22,17,20,80240.840,6,52.383234,-5.998477,57.75,-3.445,0.000000733180,4.08
26,07,21,22,22,21,80541.345,6,52.386635,-5.996159,49.75,-3.385,0.000001034047,4.08
26,07,21,22,27,22,80842.335,7,52.390274,-5.994060,51.25,-3.630,0.000000468271,4.08
26,07,21,22,32,23,81143.340,6,52.393523,-5.992304,50.25,-3.785,0.000002057593,4.08
26,07,21,22,37,23,81443.835,6,52.396795,-5.990535,47.25,-3.490,0.000000892305,4.08
26,07,21,22,42,24,81744.340,8,52.399833,-5.988569,58.50,-3.265,0.000002643702,4.08
26,07,21,22,47,24,82044.845,7,52.402848,-5.986553,43.75,-3.295,0.000002434281,4.08
26,07,21,22,52,24,82344.835,6,52.405881,-5.985020,53.75,-3.175,0.000001833228,4.08
26,07,21,22,57,24,82644.835,6,52.408795,-5.983519,53.25,-3.105,0.000001188934,4.08
26,07,21,23,02,24,82944.855,7,52.411453,-5.981867,41.00,-3.120,0.000002383577,4.08
26,07,21,23,07,24,83244.830,6,52.414057,-5.980760,42.75,-3.165,0.000001348829,4.08
26,07,21,23,12,24,83544.845,7,52.416662,-5.979084,48.25,-3.185,0.000003528312,4.08
26,07,21,23,17,24,83844.855,7,52.419103,-5.977169,40.25,-3.160,0.000002205424,4.08
26,07,21,23,22,24,84144.850,6,52.421568,-5.975856,65.25,-3.135,0.000002525315,4.08
26,07,21,23,27,24,84444.835,6,52.423779,-5.975351,27.75,-3.145,0.000004108519,4.08
26,07,21,23,32,25,84745.345,6,52.425894,-5.974741,39.00,-3.415,0.000000666097,4.08
26,07,21,23,37,26,85046.355,6,52.427736,-5.974141,52.50,-3.785,0.000000894086,4.08
26,07,21,23,42,27,85347.345,8,52.429455,-5.974249,38.50,-3.835,0.000002435695,4.08
26,07,21,23,47,26,85646.845,6,52.431386,-5.973628,44.25,-3.430,0.000001517399,4.08
26,07,21,23,52,26,85946.840,7,52.432904,-5.973113,41.00,-2.955,0.000001002055,4.08
26,07,21,23,57,28,86248.345,5,52.434049,-5.973048,43.50,-3.170,0.000000155041,4.08
27,07,21,00,02,28,148.360,6,52.434897,-5.972820,31.75,-3.755,0.000001403072,4.08
27,07,21,00,07,28,448.855,8,52.435585,-5.973066,26.75,9999.999,0.000003329796,4.08
27,07,21,00,12,29,749.355,7,52.436716,-5.973197,37.25,-3.395,0.000001912446,4.08
27,07,21,00,17,29,1049.865,7,52.437807,-5.972892,39.00,-3.210,0.000001842048,4.08
27,07,21,00,22,29,1349.860,7,52.441162,-5.967130,22.50,-3.045,0.000002788847,4.08
27,07,21,00,27,29,1649.865,8,52.441347,-5.966977,39.25,-3.055,0.000002995942,4.08
27,07,21,00,32,29,1949.875,7,52.449112,-5.950169,48.25,-3.135,0.000001765300,4.08
27,07,21,00,37,30,2250.375,8,52.450205,-5.946654,28.50,-3.415,0.000002792064,4.08
27,07,21,00,42,31,2551.375,7,52.450004,-5.946212,35.50,-3.765,0.000001919311,4.08
27,07,21,00,47,32,2852.365,9,52.449705,-5.945743,48.50,-3.805,0.000003884046,4.08
27,07,21,00,52,33,3153.375,9,52.449252,-5.945373,49.00,-3.650,0.000004720868,4.08
27,07,21,00,57,34,3454.370,7,52.448651,-5.945076,48.50,-3.550,0.000005227563,4.08
27,07,21,01,02,35,3755.370,8,52.447902,-5.944815,48.75,-3.580,0.000005806584,4.08
27,07,21,01,07,36,4056.370,8,52.446954,-5.944623,49.75,-3.645,0.000005512046,4.08
27,07,21,01,12,37,4357.375,9,52.445822,-5.944502,48.25,-3.660,0.000003589780,4.08
27,07,21,01,17,38,4658.370,8,52.444578,-5.944594,51.50,-3.635,0.000003689205,4.08
27,07,21,01,22,39,4959.865,7,52.443188,-5.944715,46.00,-3.370,0.000005100174,4.08
27,07,21,01,27,39,5259.380,7,52.441699,-5.945044,49.00,-3.245,0.000004424862,4.08
27,07,21,01,32,41,5561.395,6,52.439960,-5.945451,47.25,-3.550,0.000003066926,4.08
27,07,21,01,37,41,5861.890,6,52.438133,-5.946150,48.00,-3.510,0.000003450640,4.08
27,07,21,01,42,42,6162.390,6,52.435905,-5.946761,10.75,-3.340,0.000000782367,4.08
27,07,21,01,47,43,6463.390,6,52.433822,-5.947341,44.50,-3.525,0.000003463396,4.08
27,07,21,01,52,42,6762.865,7,52.431440,-5.948273,47.00,-3.465,0.000004395625,4.08
27,07,21,01,57,43,7063.875,7,52.428941,-5.949006,51.00,-3.100,0.000003843971,4.08
27,07,21,02,02,44,7364.380,6,52.426320,-5.949808,42.75,-3.190,0.000003325610,4.08
27,07,21,02,07,44,7664.870,7,52.423484,-5.950726,55.50,-3.420,0.000004418458,4.08
27,07,21,02,12,47,7967.420,5,52.420595,-5.951245,74.50,-3.470,0.000000115341,4.08
27,07,21,02,17,46,8266.380,6,52.417451,-5.952679,60.00,-3.625,0.000002780785,4.08
27,07,21,02,22,47,8567.385,6,52.414244,-5.953660,69.25,-3.695,0.000002393176,4.08
27,07,21,02,27,46,8866.385,7,52.410890,-5.954736,72.25,-3.650,0.000002159814,4.08
27,07,21,02,32,48,9168.380,6,52.407341,-5.955918,65.50,-3.595,0.000001221006,4.08
27,07,21,02,37,47,9467.895,7,52.403776,-5.957078,78.25,-3.335,0.000000944736,4.08
27,07,21,02,42,48,9768.375,8,52.399889,-5.958658,47.75,-3.235,0.000003357302,4.08
27,07,21,02,47,49,10069.385,7,52.396084,-5.960017,65.75,-3.570,0.000001472044,4.08
27,07,21,02,52,50,10370.380,6,52.392028,-5.961626,61.75,-3.785,0.000001284959,4.08
27,07,21,02,57,52,10672.385,6,52.387892,-5.963240,60.25,-3.725,0.000000970838,4.08
27,07,21,03,02,53,10973.395,6,52.383548,-5.964976,68.50,-3.580,0.000003179409,4.08
27,07,21,03,07,56,11276.390,6,52.379240,-5.966835,59.00,-3.535,0.000003907235,4.08
27,07,21,03,12,54,11574.375,6,52.374993,-5.968745,50.00,-3.595,0.000001473976,4.08
27,07,21,03,17,56,11876.375,5,52.370486,-5.970550,50.75,-3.655,0.000000262077,4.08
27,07,21,03,22,56,12176.885,7,52.365616,-5.972326,63.00,-3.400,0.000003327879,4.08
27,07,21,03,27,59,12479.890,5,52.360765,-5.974474,77.00,-2.985,0.000001246664,4.08
27,07,21,03,32,56,12776.385,6,52.356234,-5.976921,46.25,-3.155,0.000001588531,4.08
27,07,21,03,37,58,13078.395,6,52.351591,-5.979640,40.25,-3.695,0.000003721998,4.08
27,07,21,03,42,59,13379.405,5,52.346927,-5.982029,14.75,-3.870,0.000001195931,4.08
27,07,21,03,47,59,13679.390,6,52.341748,-5.984235,62.25,-3.690,0.000003306616,4.08
27,07,21,03,53,01,13981.390,6,52.336762,-5.986793,53.25,-3.520,0.000003715654,4.08
27,07,21,03,58,02,14282.390,6,52.331682,-5.989218,44.00,-3.525,0.000003948483,4.08
27,07,21,04,03,02,14582.395,7,52.326836,-5.991874,45.50,-3.610,0.000002177742,4.08
27,07,21,04,08,04,14884.400,6,52.321670,-5.994732,36.25,-3.645,0.000001281084,4.08
27,07,21,04,13,05,15185.405,6,52.316591,-5.997585,34.50,-3.615,0.000001729402,4.08
27,07,21,04,18,05,15485.395,6,52.314425,-6.004032,49.25,-3.585,0.000001824468,4.08
27,07,21,04,23,06,15786.905,7,52.309323,-6.006395,38.75,-3.335,0.000000956886,4.08
27,07,21,04,28,06,16086.905,7,52.304380,-6.008949,45.25,-2.970,0.000003092361,4.08
27,07,21,04,33,05,16385.900,7,52.299330,-6.011731,49.75,-2.915,0.000004496533,4.08
27,07,21,04,38,09,16689.415,5,52.294314,-6.014467,30.00,-3.315,0.000000123760,4.08
27,07,21,04,43,06,16986.905,7,52.289585,-6.017262,46.00,-3.540,0.000002069487,4.08
27,07,21,04,48,06,17286.910,6,52.284735,-6.019900,39.50,-3.205,0.000001579462,4.08
27,07,21,04,53,07,17587.435,6,52.279956,-6.022461,57.75,-3.160,0.000003902481,4.08
27,07,21,04,58,09,17889.410,6,52.275124,-6.025676,42.75,-3.555,0.000002603287,4.08
27,07,21,05,03,10,18190.405,6,52.270474,-6.028704,51.75,-3.790,0.000005315674,4.08
27,07,21,05,08,13,18493.400,6,52.267510,-6.034732,56.00,-3.715,0.000003892440,4.08
27,07,21,05,13,10,18790.895,6,52.263876,-6.036092,45.75,-3.315,0.000000798223,4.08
27,07,21,05,18,22,19102.055,6,52.260105,-6.037300,91.00,-2.825,0.000005722043,4.08
27,07,21,05,23,14,19394.915,7,52.258401,-6.038754,45.50,-2.770,0.000003763382,4.08
27,07,21,05,28,14,19694.910,7,52.274170,-6.033083,55.25,-3.060,0.000002563476,4.08
27,07,21,05,33,14,19994.920,6,52.291305,-6.029530,60.00,-3.230,0.000003074621,4.08
27,07,21,05,38,14,20294.910,7,52.296490,-6.061873,69.00,-3.170,0.000004008869,4.08
27,07,21,05,43,14,20594.920,8,52.314287,-6.054467,59.75,-3.055,0.000004216068,4.08
27,07,21,05,48,14,20894.925,9,52.331347,-6.027949,56.50,-3.020,0.000002997862,4.08
27,07,21,05,53,14,21194.930,8,52.351436,-6.032992,62.50,-3.055,0.000004618495,4.08
27,07,21,05,58,14,21494.915,7,52.370582,-6.020344,43.00,-3.095,0.000005538472,4.08
27,07,21,06,03,15,21795.915,7,52.389264,-6.000664,30.50,-3.105,0.000001964862,4.08
27,07,21,06,08,15,22095.935,8,52.410411,-5.994591,72.25,-3.080,0.000005361987,4.08
27,07,21,06,13,14,22394.920,7,52.431506,-6.001886,72.00,-3.060,0.000006507778,4.08
27,07,21,06,18,16,22696.430,6,52.454872,-6.007724,57.00,-3.315,0.000003914511,4.06
27,07,21,06,23,15,22995.925,8,52.479071,-6.001304,59.25,-3.450,0.000001113135,4.08
27,07,21,06,28,15,23295.940,7,52.505133,-5.994137,34.75,-3.135,0.000002729689,4.08
27,07,21,06,33,15,23595.935,9,52.529305,-5.986568,55.25,-2.905,0.000006095030,4.08
27,07,21,06,38,15,23895.915,8,52.553385,-5.974101,39.75,-2.960,0.000007407455,4.08
27,07,21,06,43,54,24234.040,0,0.000000,0.000000,0.00,9999.999,9999.999000000000,4.08
27,07,21,06,48,43,24523.440,6,52.551912,-5.976041,65.25,-3.350,0.000005587799,4.08
27,07,21,06,53,43,24823.430,9,52.553364,-5.974779,48.50,-3.760,0.000002290311,4.08
27,07,21,06,58,43,25123.940,8,52.571936,-5.945807,42.25,-3.520,0.000003355779,4.06
27,07,21,07,03,43,25423.930,7,52.591152,-5.917618,66.00,-2.945,0.000002737007,4.06
27,07,21,07,08,45,25725.435,6,52.594447,-5.909372,52.00,9999.999,0.000001431209,4.08
27,07,21,07,15,38,26138.955,5,52.596643,-5.907325,131.25,-3.305,0.000003838484,4.08
27,07,21,07,21,17,26477.665,5,52.597138,-5.905233,27.50,-3.370,0.000000644241,4.06
27,07,21,07,27,06,26826.500,5,52.599276,-5.904136,16.50,-3.450,0.000001123087,4.06
27,07,21,07,32,57,27177.500,5,52.601795,-5.903701,23.75,-3.540,0.000000747263,4.08
27,07,21,07,38,00,27480.980,5,52.604527,-5.902453,24.50,-3.305,0.000001070512,4.06
27,07,21,07,42,53,27773.945,9,52.606679,-5.901100,40.50,-2.920,0.000002061502,4.08
27,07,21,07,47,54,28074.450,8,52.627891,-5.873343,42.75,-3.110,0.000003341622,4.06
27,07,21,07,52,54,28374.950,8,52.652312,-5.851176,49.75,-3.395,0.000003264291,4.06
27,07,21,07,57,54,28674.945,8,52.673863,-5.822959,48.00,-3.195,0.000002837055,4.06
27,07,21,08,02,54,28974.945,7,52.695384,-5.792513,55.25,-2.955,0.000005884199,4.06
27,07,21,08,08,03,29283.535,5,52.697379,-5.791363,47.75,-3.140,0.000000073973,4.08
27,07,21,08,12,55,29575.960,7,52.720334,-5.793935,56.50,-3.345,0.000001852354,4.08
27,07,21,08,17,55,29875.965,7,52.744310,-5.775032,61.00,-3.140,0.000001085390,4.06
27,07,21,08,22,55,30175.970,8,52.757827,-5.759708,76.25,-2.930,0.000002435540,4.08
27,07,21,08,27,56,30476.460,7,52.761128,-5.724207,62.50,-3.180,0.000001284736,4.08
27,07,21,08,32,56,30776.960,8,52.770570,-5.688167,60.75,-3.415,0.000003253418,4.06
27,07,21,08,37,57,31077.455,7,52.783320,-5.649121,46.75,-3.410,0.000002319690,4.06
27,07,21,08,42,58,31378.460,7,52.801385,-5.612868,49.50,-3.540,0.000001761868,4.06
27,07,21,08,47,59,31679.470,8,52.822173,-5.587318,64.75,-3.600,0.000003614106,4.06
27,07,21,08,53,15,31995.070,7,52.833269,-5.564350,60.50,-3.260,0.000002103828,4.06
27,07,21,08,58,13,32293.960,7,52.837679,-5.563618,34.50,-2.815,0.000003458871,4.06
27,07,21,09,04,15,32655.795,5,52.849857,-5.550819,42.75,-2.900,0.000001030458,4.06
27,07,21,09,09,13,32953.460,7,52.853488,-5.549593,29.50,-3.415,0.000003143787,4.06
27,07,21,09,14,13,33253.965,7,52.856336,-5.549389,42.00,9999.999,0.000002485991,4.06
27,07,21,09,19,16,33556.475,5,52.860016,-5.548711,55.25,-3.280,0.000000349081,4.06
27,07,21,09,24,13,33853.970,8,52.864132,-5.547480,50.25,-3.210,0.000006472272,4.06
27,07,21,09,29,13,34153.970,8,52.869941,-5.547649,26.75,-2.995,0.000003965171,4.06
27,07,21,09,34,15,34455.465,7,52.877124,-5.536903,51.25,-3.175,0.000008723430,4.06
27,07,21,09,40,14,34814.755,6,52.882092,-5.535771,53.75,-3.480,0.000002219693,4.06
27,07,21,09,45,13,35113.970,7,52.886403,-5.534921,33.00,-3.290,0.000001959710,4.06
27,07,21,09,50,13,35413.970,7,52.890952,-5.533749,39.25,-2.935,0.000004072002,4.06
27,07,21,09,55,13,35713.955,7,52.895354,-5.532540,37.50,-2.860,0.000005007301,4.06
27,07,21,10,00,14,36014.970,8,52.900025,-5.530640,44.25,-3.000,0.000005052712,4.06
27,07,21,10,05,14,36314.470,7,52.906742,-5.523888,23.50,-3.350,0.000003587388,4.06
27,07,21,10,10,14,36614.480,7,52.908500,-5.519297,62.00,-3.700,0.000003288215,4.06
27,07,21,10,15,15,36915.460,7,52.912981,-5.517453,51.00,-3.705,0.000005566074,4.06
27,07,21,10,20,16,37216.475,8,52.917177,-5.515310,46.00,-3.535,0.000004882244,4.06
27,07,21,10,25,17,37517.475,7,52.921232,-5.513314,55.50,-3.440,0.000003023983,4.06
27,07,21,10,30,18,37818.470,9,52.913782,-5.510414,42.50,-3.480,0.000005821174,4.06
27,07,21,10,35,22,38122.490,5,52.918140,-5.507588,36.50,-3.540,0.000000636596,4.06
27,07,21,10,40,23,38423.510,5,52.921145,-5.502882,63.25,-3.530,0.000000213141,4.06
27,07,21,10,47,04,38824.470,7,52.924222,-5.498494,39.75,-3.505,0.000005172744,4.06
27,07,21,10,52,05,39125.995,7,52.930828,-5.499139,29.75,-3.255,0.000001702255,4.06
27,07,21,10,59,03,39543.525,5,52.935347,-5.491286,-3.00,-3.115,0.000001228298,4.06
27,07,21,11,03,54,39834.985,9,52.942055,-5.497010,43.50,-3.175,0.000003137382,4.06
27,07,21,11,08,54,40134.975,7,52.963672,-5.510859,45.75,-3.050,0.000006589346,4.06
27,07,21,11,13,54,40434.990,8,52.985404,-5.511820,40.00,-2.955,0.000003029768,4.06
27,07,21,11,18,54,40734.985,7,53.006303,-5.487619,36.25,-2.965,0.000005320686,4.06
27,07,21,11,23,54,41034.995,7,53.031168,-5.471985,42.00,-3.015,0.000006470868,4.06
27,07,21,11,28,54,41334.985,7,53.055851,-5.446754,33.50,-3.035,0.000003274652,4.06
27,07,21,11,33,55,41635.045,6,53.084088,-5.429533,23.50,-2.995,0.000000530222,4.06
27,07,21,11,38,54,41934.995,7,53.109653,-5.407746,53.00,-2.960,0.000002777153,4.06
27,07,21,11,43,55,42235.000,8,53.124619,-5.380973,50.50,-2.985,0.000003784814,4.06
27,07,21,11,48,54,42534.995,8,53.144256,-5.354286,52.50,-3.015,0.000001509703,4.06
27,07,21,11,53,55,42835.485,7,53.165540,-5.362249,22.50,-3.275,0.000001876968,4.06
27,07,21,11,58,54,43134.995,8,53.189878,-5.337078,54.50,-3.390,0.000004357603,4.06
27,07,21,12,03,54,43435.000,7,53.212125,-5.320967,54.00,-3.060,0.000003973933,4.06
27,07,21,12,08,56,43736.540,5,53.215604,-5.320189,54.50,-3.065,0.000000579071,4.06
27,07,21,12,13,57,44037.005,7,53.217660,-5.321740,56.75,-3.230,0.000001951886,4.06
27,07,21,12,19,03,44343.040,7,53.219147,-5.321957,43.75,-3.060,0.000002395840,4.06
27,07,21,12,24,17,44657.080,7,53.219724,-5.322473,50.00,-2.855,0.000003548035,4.06
27,07,21,12,29,17,44957.005,6,53.221173,-5.323514,44.50,-2.855,0.000000391880,4.06
27,07,21,12,34,32,45272.125,8,53.222599,-5.324081,39.75,-2.935,0.000003800458,4.06
27,07,21,12,39,33,45573.015,7,53.223804,-5.324645,50.25,-2.970,0.000003254441,4.06
27,07,21,12,44,33,45873.520,6,53.224900,-5.325340,56.75,-3.250,0.000002308124,4.06
27,07,21,12,49,34,46174.010,7,53.226142,-5.326084,41.00,-3.375,0.000002673737,4.06
27,07,21,12,54,34,46474.515,5,53.227071,-5.326642,77.50,-3.300,0.000000085598,4.06
27,07,21,12,59,34,46774.020,8,53.228119,-5.327258,46.75,-3.195,0.000002070673,4.06
27,07,21,13,04,34,47074.515,8,53.228891,-5.327921,28.25,-3.180,0.000003056635,4.06
27,07,21,13,09,35,47375.020,7,53.229675,-5.328501,40.75,-3.225,0.000003832749,4.06
27,07,21,13,14,35,47675.015,7,53.230228,-5.329195,40.50,-3.005,0.000001325826,4.06
27,07,21,13,19,35,47975.525,7,53.230688,-5.329879,42.00,-3.120,0.000001957825,4.04
27,07,21,13,24,36,48276.020,6,53.230846,-5.330635,34.25,-3.285,0.000001064977,4.06
27,07,21,13,29,37,48577.025,7,53.230859,-5.331613,34.00,-3.060,0.000002985847,4.06
27,07,21,13,34,36,48876.030,7,53.230806,-5.332826,37.25,-2.860,0.000001917561,4.06
27,07,21,13,39,36,49176.030,7,53.230675,-5.333868,52.75,-2.870,0.000006319536,4.06
27,07,21,13,44,37,49477.720,5,53.226570,-5.331259,142.50,-3.130,0.000011875016,4.06
27,07,21,13,49,36,49776.070,7,53.226505,-5.332357,47.50,-3.235,0.000003836047,4.04
27,07,21,13,54,36,50076.515,8,53.226955,-5.339688,43.00,-3.260,0.000004648095,4.04
27,07,21,13,59,37,50377.030,7,53.227023,-5.340667,37.50,-3.240,0.000005722493,4.06
27,07,21,14,04,58,50698.130,8,53.225220,-5.344176,45.25,-2.910,0.000004950107,4.06
27,07,21,14,09,59,50999.490,7,53.223971,-5.345767,25.75,-3.025,0.000004492899,4.06
27,07,21,14,15,00,51300.505,7,53.222801,-5.346416,20.00,-3.560,0.000004606214,4.06
27,07,21,14,20,01,51601.020,7,53.215569,-5.363557,57.50,9999.999,0.000004375327,4.06
27,07,21,14,25,00,51901.000,8,53.212959,-5.371389,46.50,-2.990,0.000005224539,4.06
27,07,21,14,30,01,52201.000,8,53.211965,-5.370437,32.00,-2.715,0.000004455098,4.04
27,07,21,14,35,01,52501.025,8,53.210898,-5.369165,40.00,-2.850,0.000004923368,4.06
27,07,21,14,40,01,52801.020,8,53.208238,-5.369561,50.50,-3.045,0.000005809473,4.06
27,07,21,14,45,01,53101.525,7,53.207057,-5.368953,24.50,-3.325,0.000005627256,4.06
27,07,21,14,50,02,53402.025,8,53.205468,-5.368003,53.25,-3.365,0.000006924985,4.06
27,07,21,14,55,02,53702.025,8,53.203612,-5.367060,28.50,-2.995,0.000005210147,4.06
27,07,21,15,00,02,54002.545,7,53.201737,-5.365963,67.50,-3.030,0.000005236484,4.06
27,07,21,15,05,03,54303.530,7,53.199658,-5.364872,40.75,-3.480,0.000007041914,4.06
27,07,21,15,10,04,54604.030,7,53.197585,-5.363563,42.75,-3.445,0.000006950120,4.06
27,07,21,15,15,04,54904.535,8,53.195432,-5.362307,31.00,-3.200,0.000005716019,4.04
27,07,21,15,20,05,55205.540,7,53.193161,-5.360849,61.75,-3.340,0.000005013449,4.04
27,07,21,15,25,06,55506.050,7,53.190822,-5.359208,67.50,-3.275,0.000004059166,4.06
27,07,21,15,30,06,55806.045,9,53.188241,-5.357712,41.00,-2.920,0.000006463270,4.06
27,07,21,15,35,06,56106.050,7,53.185375,-5.356323,86.50,-2.775,0.000005514446,4.06
27,07,21,15,40,06,56406.045,9,53.182736,-5.354730,39.75,-2.880,0.000007292925,4.06
27,07,21,15,45,06,56706.050,9,53.186431,-5.345430,42.50,-3.005,0.000002579886,4.06
27,07,21,15,50,06,57006.055,9,53.182048,-5.344542,46.00,-3.010,0.000006417148,4.04
27,07,21,15,55,06,57306.050,8,53.177526,-5.340105,73.00,-2.950,0.000005303742,4.04
27,07,21,16,00,06,57606.050,9,53.174926,-5.340059,56.00,-2.920,0.000003321706,4.06
27,07,21,16,05,06,57906.050,7,53.171046,-5.331256,67.00,-2.935,0.000004679083,4.04
27,07,21,16,10,06,58206.045,7,53.168164,-5.330926,73.25,-2.960,0.000008961130,4.04
27,07,21,16,15,06,58506.560,7,53.165136,-5.330462,27.75,-3.210,0.000004009109,4.04
27,07,21,16,20,07,58807.090,6,53.162104,-5.330202,-1.50,-3.300,0.000001805312,4.04
27,07,21,16,25,07,59107.560,6,53.159264,-5.330140,45.00,-3.220,0.000004680305,4.04
27,07,21,16,30,08,59408.050,7,53.156457,-5.330233,67.00,-3.155,0.000005857654,4.06
27,07,21,16,35,08,59708.125,6,53.153152,-5.329753,26.00,-2.880,0.000003051318,4.06
27,07,21,16,40,08,60008.060,6,53.150162,-5.334100,49.50,-2.770,0.000003331561,4.06
27,07,21,16,45,08,60308.040,7,53.147859,-5.334000,50.50,-2.895,0.000002841141,4.06
27,07,21,16,50,08,60608.065,6,53.145214,-5.333748,50.00,-3.010,0.000002612211,4.04
27,07,21,16,55,08,60908.050,6,53.144929,-5.334880,55.25,-3.000,0.000003942971,4.04
27,07,21,17,00,08,61208.560,6,53.142240,-5.334757,52.00,-3.190,0.000000483715,4.04
27,07,21,17,05,18,61518.600,7,53.142782,-5.340860,54.75,-3.515,0.000004631478,4.04
27,07,21,17,10,19,61819.065,7,53.140478,-5.340493,55.00,-3.330,0.000001806384,4.04
27,07,21,17,15,19,62119.080,6,53.137635,-5.341006,69.00,-2.835,0.000001635962,4.04
27,07,21,17,20,33,62433.645,4,53.134511,-5.341472,69.00,-2.890,0.000000278274,4.04
27,07,21,17,25,31,62731.070,6,53.131535,-5.341187,54.50,-3.170,0.000000662121,4.04
27,07,21,17,30,31,63031.080,6,53.129183,-5.340472,60.50,-3.065,0.000001688231,4.06
27,07,21,17,35,31,63331.575,6,53.126969,-5.340208,54.00,-3.120,0.000000941230,4.04
27,07,21,17,40,32,63632.560,8,53.114357,-5.353769,48.00,-3.460,0.000004426078,4.04
27,07,21,17,45,34,63934.570,5,53.102866,-5.348409,39.50,-3.605,0.000000358618,4.04
27,07,21,17,50,35,64235.575,5,53.098375,-5.355941,42.50,-3.500,0.000000156418,4.04
27,07,21,17,55,40,64540.630,5,53.094834,-5.355706,10.50,-3.345,0.000000413291,4.04
27,07,21,18,00,41,64841.585,5,53.091075,-5.354461,43.00,-3.315,0.000000220799,4.04
27,07,21,18,05,41,65141.585,6,53.087457,-5.352931,62.75,-3.400,0.000003296571,4.04
27,07,21,18,10,42,65442.090,7,53.064029,-5.361698,75.50,-3.205,0.000004317922,4.04
27,07,21,18,15,42,65742.075,8,53.039100,-5.389086,57.25,-2.820,0.000004858763,4.04
27,07,21,18,20,42,66042.080,7,53.011956,-5.411699,71.00,-2.730,0.000003654979,4.04
27,07,21,18,25,42,66342.090,9,52.984234,-5.433252,74.25,-2.870,0.000006370103,4.04
27,07,21,18,30,42,66642.090,7,52.957332,-5.459874,57.00,-2.980,0.000002431569,4.04
27,07,21,18,35,43,66943.090,7,52.931280,-5.489495,60.00,-2.965,0.000001587197,4.04
27,07,21,18,40,42,67242.095,9,52.907066,-5.519766,69.50,-2.900,0.000007206482,4.04
27,07,21,18,45,42,67542.080,7,52.884558,-5.554776,64.50,-2.880,0.000004218869,4.04
27,07,21,18,50,42,67842.090,9,52.864199,-5.596178,71.25,-2.905,0.000002869736,4.04
27,07,21,18,55,46,68146.605,5,52.857613,-5.612248,44.00,-3.165,0.000000700278,4.04
27,07,21,19,00,46,68446.085,7,52.855478,-5.615277,62.00,-3.285,0.000004486637,4.04
27,07,21,19,05,46,68746.085,9,52.851203,-5.631473,63.00,-2.975,0.000003686096,4.04
27,07,21,19,10,46,69046.095,6,52.850389,-5.634053,91.50,-2.755,0.000002160827,4.04
27,07,21,19,15,46,69346.095,7,52.846366,-5.635871,38.50,-2.795,0.000007980134,4.04
27,07,21,19,20,46,69646.095,7,52.832892,-5.655433,82.75,-2.925,0.000005617482,4.04
27,07,21,19,25,46,69946.095,9,52.804531,-5.676612,73.50,-2.970,0.000006124044,4.04
27,07,21,19,30,46,70246.090,8,52.778260,-5.701036,77.75,-2.930,0.000006043004,4.04
27,07,21,19,35,46,70546.080,6,52.754568,-5.730209,98.25,-2.895,0.000001837056,4.04
27,07,21,19,40,46,70846.585,8,52.730095,-5.759379,83.75,-3.150,0.000004389110,4.04
27,07,21,19,45,47,71147.110,8,52.703796,-5.785968,60.00,-3.280,0.000004385881,4.04
27,07,21,19,50,47,71447.090,7,52.676841,-5.812213,60.75,-2.965,0.000001754169,4.04
27,07,21,19,55,47,71747.105,9,52.654229,-5.845551,60.75,-2.745,0.000007311575,4.04
27,07,21,20,00,47,72047.095,6,52.630981,-5.876642,67.50,-2.790,0.000005606947,4.04
27,07,21,20,05,47,72347.100,10,52.609367,-5.911790,63.50,-2.925,0.000004412450,4.04
27,07,21,20,10,47,72647.115,7,52.589216,-5.948038,85.50,-2.960,0.000010838383,4.04
27,07,21,20,15,47,72947.110,7,52.568038,-5.984504,62.75,-2.905,0.000006189316,4.04
27,07,21,20,20,47,73247.105,7,52.544463,-6.019258,67.75,-2.865,0.000005324425,4.04
27,07,21,20,25,47,73547.095,6,52.522383,-6.055818,54.00,-2.880,0.000000989051,4.04
27,07,21,20,30,47,73847.110,8,52.497572,-6.091008,56.25,-2.905,0.000003550094,4.04
27,07,21,20,35,47,74147.615,7,52.491501,-6.097057,50.50,-3.150,0.000001543345,4.04
27,07,21,20,40,48,74448.610,8,52.493829,-6.095484,44.00,-3.510,0.000001511630,4.04
27,07,21,20,45,49,74749.120,8,52.491819,-6.101085,55.00,-3.315,0.000007748735,4.04
27,07,21,20,50,49,75049.115,7,52.464656,-6.129322,50.50,-2.785,0.000006821918,4.04
27,07,21,20,55,49,75349.115,7,52.437978,-6.158294,48.00,-2.620,0.000001262687,4.04
27,07,21,21,00,49,75649.110,6,52.409495,-6.184180,45.00,-2.805,0.000003054174,4.04
27,07,21,21,05,49,75949.625,7,52.382146,-6.193810,43.00,-3.225,0.000001821053,4.04
27,07,21,21,10,50,76250.625,6,52.384405,-6.192297,51.50,-3.585,0.000001770140,4.04
27,07,21,21,15,51,76551.625,7,52.386613,-6.190793,42.75,-3.555,0.000000779679,4.04
27,07,21,21,20,52,76852.625,7,52.388861,-6.189356,44.75,-3.360,0.000000674064,4.02
27,07,21,21,25,52,77152.630,8,52.391098,-6.187671,51.00,-3.275,0.000003663740,4.04
27,07,21,21,30,53,77453.135,6,52.393229,-6.186166,63.75,-3.075,0.000000951792,4.04
27,07,21,21,35,53,77753.635,6,52.395418,-6.184545,57.00,-3.015,0.000001052543,4.04
27,07,21,21,40,54,78054.125,6,52.397622,-6.182850,45.25,-3.090,0.000000592984,4.04
27,07,21,21,45,54,78354.630,7,52.399738,-6.180990,43.50,-3.160,0.000002391400,4.04
27,07,21,21,50,55,78655.630,6,52.401945,-6.179057,56.75,-3.405,0.000000837855,4.04
27,07,21,21,55,56,78956.135,7,52.404061,-6.177229,54.75,-3.240,0.000001566683,4.04
27,07,21,22,00,56,79256.640,6,52.406191,-6.175486,60.25,-3.030,0.000001319343,4.04
27,07,21,22,05,57,79557.630,8,52.408467,-6.173693,50.50,-3.260,0.000002970381,4.04
27,07,21,22,10,58,79858.640,7,52.410705,-6.171881,45.50,-3.480,0.000002362186,4.04
27,07,21,22,15,59,80159.640,7,52.405742,-6.173269,52.00,-3.470,0.000001693839,4.04
27,07,21,22,20,59,80459.640,7,52.377548,-6.184007,45.50,-3.355,0.000002412817,4.04
27,07,21,22,26,00,80760.135,9,52.350112,-6.193941,50.25,-3.055,0.000002213707,4.04
27,07,21,22,31,00,81060.635,7,52.345440,-6.194769,52.50,-2.965,0.000001390553,4.04
27,07,21,22,36,01,81361.645,6,52.347342,-6.193652,41.75,-3.315,0.000000704157,4.04
27,07,21,22,41,02,81662.645,7,52.347452,-6.192993,39.00,-3.530,0.000002365338,4.04
27,07,21,22,46,03,81963.650,6,52.349455,-6.191395,31.00,-3.460,0.000000549087,4.04
27,07,21,22,51,04,82264.140,9,52.348595,-6.194751,55.75,-3.070,0.000001938663,4.04
27,07,21,22,56,04,82564.140,6,52.326453,-6.222782,44.50,-2.665,0.000003390657,4.04
27,07,21,23,01,04,82864.135,8,52.304760,-6.254444,56.25,-2.660,0.000003887882,4.02
27,07,21,23,06,04,83164.140,8,52.284369,-6.287448,67.00,-2.860,0.000004998316,4.04
27,07,21,23,11,04,83464.150,7,52.257978,-6.304745,49.25,-2.955,0.000005602407,4.04
27,07,21,23,16,04,83764.145,8,52.228764,-6.315314,45.25,-2.900,0.000005942635,4.04
27,07,21,23,21,04,84064.150,8,52.202164,-6.340226,52.25,-2.825,0.000002060799,4.02
27,07,21,23,26,04,84364.655,6,52.174264,-6.356943,45.75,-3.060,0.000004480416,4.04
27,07,21,23,31,05,84665.150,7,52.161630,-6.398214,48.00,-3.215,0.000004765584,4.02
27,07,21,23,36,05,84965.155,8,52.160204,-6.432132,47.25,-2.925,0.000001736796,4.04
27,07,21,23,41,05,85265.655,7,52.160188,-6.430617,39.75,-2.950,0.000002844981,4.04
27,07,21,23,46,06,85566.160,8,52.159623,-6.430155,38.00,-3.105,0.000005285571,4.04
27,07,21,23,51,06,85866.165,7,52.157530,-6.445088,59.50,-2.915,0.000003407707,4.04
27,07,21,23,56,06,86166.165,7,52.154888,-6.483403,44.75,-2.740,0.000001947128,4.02
28,07,21,00,01,06,66.170,6,52.150108,-6.519729,23.00,-2.745,0.000002734421,4.04
28,07,21,00,06,06,366.665,6,52.150595,-6.526192,33.25,-3.085,0.000000477484,4.02
28,07,21,00,11,07,667.665,7,52.150281,-6.526302,40.50,-3.505,0.000002594262,4.02
28,07,21,00,16,08,968.665,6,52.149929,-6.526549,55.00,-3.545,0.000003577410,4.04
28,07,21,00,21,09,1269.665,7,52.149650,-6.526858,33.25,-3.355,0.000004621551,4.04
28,07,21,00,26,10,1570.665,8,52.149290,-6.527236,40.25,-3.240,0.000003893639,4.04
28,07,21,00,31,11,1871.670,8,52.148901,-6.527691,35.00,-3.275,0.000005656928,4.02
28,07,21,00,36,12,2172.175,6,52.148429,-6.528307,50.25,-3.095,0.000003417869,4.02
28,07,21,00,41,12,2472.665,10,52.147916,-6.531646,53.00,-2.990,0.000004733945,4.04
28,07,21,00,46,13,2773.670,8,52.147807,-6.571324,44.50,-3.280,0.000003122772,4.04
28,07,21,00,51,24,3084.520,4,52.138481,-6.588907,44.00,-3.550,0.000001472925,4.02
28,07,21,00,56,24,3384.530,4,52.138436,-6.588472,44.00,-3.610,0.000000381243,4.02
28,07,21,01,01,16,3676.670,5,52.138394,-6.589222,68.75,-3.430,0.000001873113,4.02
28,07,21,01,06,17,3977.680,5,52.138436,-6.589059,53.25,-3.235,0.000000845068,4.04
28,07,21,01,11,24,4284.505,5,52.138426,-6.589141,69.50,-2.810,0.000002240901,4.02
28,07,21,01,16,16,4576.180,7,52.138480,-6.588929,51.50,-2.445,0.000004869902,4.02
28,07,21,01,21,16,4876.685,6,52.138265,-6.588871,34.00,-2.885,0.000002045199,4.02
28,07,21,01,26,17,5177.685,6,52.138266,-6.588867,26.75,-3.535,0.000004438884,4.02
28,07,21,01,31,17,5477.675,8,52.138476,-6.589005,65.50,-3.645,0.000003759084,4.02
28,07,21,01,36,29,5789.355,0,0.000000,0.000000,0.00,9999.999,9999.999000000000,4.02
28,07,21,01,41,28,6088.495,5,52.138492,-6.589442,117.75,-2.970,0.000001634826,4.02
28,07,21,01,46,23,6383.650,5,52.138136,-6.589464,130.25,9999.999,0.000000985957,4.02
28,07,21,01,51,33,6693.030,3,0.000000,0.000000,0.00,9999.999,9999.999000000000,4.02
