year,month,day,hour,minute,second,var1,pressure,depth
21,08,01,06,14,20,14.50,1109.50,-0001.10
21,08,01,06,16,00,14.50,1219.00,-0002.20
21,08,01,06,16,02,14.50,1307.00,-0003.09
21,08,01,06,16,04,14.50,1203.50,-0002.05
21,08,01,06,16,06,14.50,1146.00,-0001.47
21,08,01,06,16,42,14.50,1181.50,-0001.83
21,08,01,06,16,44,14.50,1347.00,-0003.49
21,08,01,06,17,04,14.50,1110.00,-0001.11
21,08,01,06,17,06,14.50,1252.50,-0002.54
21,08,01,06,17,08,14.50,1215.00,-0002.16
21,08,01,06,17,38,14.50,1148.00,-0001.49
21,08,01,06,18,28,14.50,1116.00,-0001.17
21,08,01,06,19,01,14.50,1202.00,-0002.03
21,08,01,06,19,03,14.50,1357.50,-0003.60
21,08,01,06,19,05,14.50,1632.50,-0006.36
21,08,01,06,19,07,14.50,1417.00,-0004.20
21,08,01,06,19,09,14.50,1114.50,-0001.15
21,08,01,06,19,41,14.50,1334.00,-0003.36
21,08,01,06,19,43,14.50,1687.00,-0006.91
21,08,01,06,19,45,14.50,1649.00,-0006.53
21,08,01,06,19,47,14.50,1512.50,-0005.16
21,08,01,06,19,49,14.50,1326.50,-0003.28
21,08,01,06,20,21,14.50,1106.50,-0001.07
21,08,01,06,20,23,14.50,1172.50,-0001.74
21,08,01,06,21,11,14.50,1156.00,-0001.57
21,08,01,06,21,47,14.50,1109.50,-0001.10
21,08,01,06,24,01,14.50,1268.50,-0002.70
21,08,01,06,24,03,14.50,1485.50,-0004.88
21,08,01,06,24,07,14.50,1354.50,-0003.57
21,08,01,06,25,07,14.50,1136.50,-0001.37
21,08,01,06,25,37,14.50,1118.50,-0001.19
21,08,01,06,26,39,14.50,1202.00,-0002.03
21,08,01,06,26,41,14.50,1163.00,-0001.64
21,08,01,06,26,43,14.50,1242.00,-0002.43
21,08,01,06,28,41,14.50,1342.50,-0003.45
21,08,01,06,28,43,14.50,1386.50,-0003.89
21,08,01,06,28,45,14.50,1103.50,-0001.04
21,08,01,06,29,34,14.50,1173.50,-0001.75
21,08,01,06,29,56,14.50,1162.50,-0001.63
21,08,01,06,31,08,14.50,1228.50,-0002.30
21,08,01,06,31,46,14.50,1128.50,-0001.29
21,08,01,06,31,48,14.50,1112.50,-0001.13
21,08,01,06,33,02,14.50,1147.50,-0001.48
21,08,01,06,33,04,14.50,1183.50,-0001.85
21,08,01,06,59,23,14.50,1208.00,-0002.09
21,08,01,06,59,25,14.50,1662.00,-0006.66
21,08,01,06,59,27,14.50,2107.00,-0011.14
21,08,01,06,59,29,14.50,1940.00,-0009.46
21,08,01,06,59,31,14.50,1662.50,-0006.66
21,08,01,06,59,33,14.50,1364.00,-0003.66
21,08,01,07,01,41,14.50,1125.00,-0001.26
21,08,01,07,01,43,14.50,1253.50,-0002.55
21,08,01,07,03,05,14.50,1275.50,-0002.77
21,08,01,07,03,07,14.50,1300.50,-0003.02
21,08,01,07,04,09,14.50,1323.00,-0003.25
21,08,01,07,05,15,14.50,1162.00,-0001.63
21,08,01,07,06,09,14.50,1118.50,-0001.19
21,08,01,07,06,43,14.50,1347.00,-0003.49
21,08,01,07,06,45,14.50,1664.50,-0006.68
21,08,01,07,06,47,14.50,1815.50,-0008.20
21,08,01,07,06,49,14.50,1792.50,-0007.97
21,08,01,07,06,51,14.50,1501.00,-0005.04
21,08,01,07,06,53,14.50,1194.00,-0001.95
21,08,01,07,07,19,14.50,1184.50,-0001.86
21,08,01,07,07,55,14.50,1160.50,-0001.61
21,08,01,07,07,57,14.50,1429.00,-0004.32
21,08,01,07,07,59,14.50,1121.50,-0001.22
21,08,01,07,08,51,14.50,1436.50,-0004.39
21,08,01,07,08,53,14.50,1389.50,-0003.92
21,08,01,07,08,55,14.50,1245.50,-0002.47
21,08,01,07,10,33,14.50,1206.00,-0002.07
21,08,01,07,11,35,14.50,1120.50,-0001.21
21,08,01,07,11,37,14.50,1188.00,-0001.89
21,08,01,07,11,39,14.50,1420.00,-0004.23
21,08,01,07,11,41,14.50,1265.50,-0002.67
21,08,01,07,12,59,14.50,1117.50,-0001.18
21,08,01,07,13,07,14.50,1177.00,-0001.78
21,08,01,07,13,09,14.50,1226.50,-0002.28
21,08,01,07,14,37,14.50,1126.00,-0001.27
21,08,01,07,14,47,14.50,1105.00,-0001.06
21,08,01,07,14,49,14.50,1324.50,-0003.26
21,08,01,07,14,51,14.50,1245.50,-0002.47
21,08,01,07,17,16,14.50,1298.50,-0003.00
21,08,01,07,17,18,14.50,1396.00,-0003.98
21,08,01,07,17,20,14.50,1140.00,-0001.41
21,08,01,07,19,40,14.50,1144.50,-0001.45
21,08,01,07,19,42,14.50,1277.50,-0002.79
21,08,01,07,19,44,14.50,1222.00,-0002.23
21,08,01,07,19,46,14.50,1206.50,-0002.08
21,08,01,07,20,43,14.50,1111.50,-0001.12
21,08,01,07,21,13,14.50,1397.00,-0003.99
21,08,01,07,21,15,14.50,1240.50,-0002.42
21,08,01,07,21,17,14.50,1176.50,-0001.78
21,08,01,07,22,39,14.50,1223.50,-0002.25
21,08,01,07,22,41,14.50,1324.50,-0003.26
21,08,01,07,22,43,14.50,1274.50,-0002.76
21,08,01,08,16,21,17.00,1229.50,-0002.31
21,08,01,08,16,23,16.50,1426.50,-0004.29
21,08,01,08,16,25,16.00,1526.00,-0005.29
21,08,01,08,16,27,16.00,1399.00,-0004.01
21,08,01,08,16,29,16.00,1105.50,-0001.06
21,08,01,08,17,09,15.50,1283.50,-0002.85
21,08,01,08,17,11,15.50,1547.50,-0005.51
21,08,01,08,17,13,15.50,1760.00,-0007.65
21,08,01,08,17,15,15.50,1639.00,-0006.43
21,08,01,08,17,17,15.50,1550.00,-0005.53
21,08,01,08,17,19,15.50,1306.00,-0003.08
21,08,01,08,17,57,15.00,1211.00,-0002.12
21,08,01,08,17,59,15.00,1574.50,-0005.78
21,08,01,08,18,01,15.50,1801.00,-0008.06
21,08,01,08,18,03,15.50,1811.50,-0008.16
21,08,01,08,18,05,15.50,1784.00,-0007.89
21,08,01,08,18,07,15.50,1590.50,-0005.94
21,08,01,08,18,09,15.50,1357.00,-0003.59
21,08,01,08,18,25,15.50,1227.00,-0002.28
21,08,01,08,18,27,15.50,1503.00,-0005.06
21,08,01,08,18,29,15.50,1673.50,-0006.78
21,08,01,08,18,31,15.50,1571.50,-0005.75
21,08,01,08,18,33,15.50,1370.50,-0003.73
21,08,01,08,19,19,15.00,1302.00,-0003.04
21,08,01,08,19,21,15.50,1652.50,-0006.56
21,08,01,08,19,23,15.50,1871.00,-0008.76
21,08,01,08,19,25,15.50,1845.00,-0008.50
21,08,01,08,19,27,15.50,1830.00,-0008.35
21,08,01,08,19,29,15.50,1805.50,-0008.10
21,08,01,08,19,31,15.50,1525.50,-0005.29
21,08,01,08,19,33,15.50,1195.50,-0001.97
21,08,01,08,20,03,15.00,1289.50,-0002.91
21,08,01,08,20,05,15.50,1602.50,-0006.06
21,08,01,08,20,07,15.50,1799.50,-0008.04
21,08,01,08,20,09,15.50,1676.00,-0006.80
21,08,01,08,20,11,15.50,1807.00,-0008.12
21,08,01,08,20,13,15.50,1829.50,-0008.34
21,08,01,08,20,15,15.50,1727.00,-0007.31
21,08,01,08,20,17,15.50,1436.50,-0004.39
21,08,01,08,20,52,15.50,1119.00,-0001.20
21,08,01,08,21,10,15.50,1236.00,-0002.37
21,08,01,08,21,12,15.50,1471.00,-0004.74
21,08,01,08,21,14,15.50,1738.50,-0007.43
21,08,01,08,21,16,15.50,1969.50,-0009.75
21,08,01,08,21,18,15.00,2145.00,-0011.52
21,08,01,08,21,20,15.00,1942.00,-0009.48
21,08,01,08,21,22,15.00,1999.50,-0010.05
21,08,01,08,21,24,15.00,2026.50,-0010.33
21,08,01,08,21,26,15.00,1902.50,-0009.08
21,08,01,08,21,28,15.00,1683.00,-0006.87
21,08,01,08,21,30,15.50,1371.50,-0003.74
21,08,01,08,22,26,15.00,1313.00,-0003.15
21,08,01,08,22,28,15.50,1477.00,-0004.80
21,08,01,08,22,30,15.50,1580.50,-0005.84
21,08,01,08,22,32,15.50,1466.50,-0004.69
21,08,01,08,22,34,15.50,1143.50,-0001.44
21,08,01,08,22,50,15.50,1330.00,-0003.32
21,08,01,08,22,52,15.50,1673.50,-0006.78
21,08,01,08,22,54,15.00,1938.50,-0009.44
21,08,01,08,22,56,15.00,2242.00,-0012.49
21,08,01,08,22,58,14.50,2590.00,-0016.00
21,08,01,08,23,00,14.00,2877.50,-0018.89
21,08,01,08,23,02,14.00,3103.00,-0021.16
21,08,01,08,23,04,13.50,2981.50,-0019.93
21,08,01,08,23,06,13.50,2935.50,-0019.47
21,08,01,08,23,08,13.50,2810.50,-0018.21
21,08,01,08,23,10,13.50,2545.00,-0015.54
21,08,01,08,23,12,14.00,2270.00,-0012.78
21,08,01,08,23,14,14.00,1983.50,-0009.89
21,08,01,08,23,16,14.50,1679.00,-0006.83
21,08,01,08,23,18,15.00,1349.00,-0003.51
21,08,01,08,40,05,15.50,1143.50,-0001.44
21,08,01,08,40,07,15.50,1369.50,-0003.72
21,08,01,08,40,09,15.50,1608.50,-0006.12
21,08,01,08,40,11,15.50,1792.50,-0007.97
21,08,01,08,40,13,15.50,2029.50,-0010.36
21,08,01,08,40,15,15.00,2316.00,-0013.24
21,08,01,08,40,17,15.00,2619.50,-0016.29
21,08,01,08,40,19,14.50,2846.00,-0018.57
21,08,01,08,40,21,14.50,2810.50,-0018.21
21,08,01,08,40,23,14.50,2698.50,-0017.09
21,08,01,08,40,25,14.50,2448.50,-0014.57
21,08,01,08,40,27,14.50,2164.50,-0011.71
21,08,01,08,40,29,15.00,1862.50,-0008.68
21,08,01,08,40,31,15.00,1543.50,-0005.47
21,08,01,08,40,33,15.00,1196.50,-0001.98
21,08,01,08,41,29,15.00,1341.50,-0003.44
21,08,01,08,41,31,15.00,1627.50,-0006.31
21,08,01,08,41,33,15.00,1894.00,-0008.99
21,08,01,08,41,35,15.00,2227.50,-0012.35
21,08,01,08,41,37,15.00,2535.50,-0015.45
21,08,01,08,41,39,14.50,2538.50,-0015.48
21,08,01,08,41,41,14.50,2310.50,-0013.18
21,08,01,08,41,43,15.00,2029.00,-0010.35
21,08,01,08,41,45,15.00,1728.50,-0007.33
21,08,01,08,41,47,15.00,1401.50,-0004.04
21,08,01,08,44,17,15.50,1228.00,-0002.29
21,08,01,08,44,19,15.50,1388.00,-0003.90
21,08,01,08,44,21,15.50,1483.50,-0004.86
21,08,01,08,44,23,15.50,1547.00,-0005.50
21,08,01,08,44,25,15.50,1658.50,-0006.62
21,08,01,08,44,27,15.50,1913.00,-0009.18
21,08,01,08,44,29,15.50,2186.50,-0011.94
21,08,01,08,44,31,15.50,2431.00,-0014.40
21,08,01,08,44,33,15.00,2602.00,-0016.12
21,08,01,08,44,35,15.00,2613.50,-0016.23
21,08,01,08,44,37,14.50,2837.00,-0018.48
21,08,01,08,44,39,14.50,2877.50,-0018.89
21,08,01,08,44,41,14.50,2648.00,-0016.58
21,08,01,08,44,43,15.00,2385.00,-0013.93
21,08,01,08,44,45,15.00,2101.50,-0011.08
21,08,01,08,44,47,15.00,1807.50,-0008.12
21,08,01,08,44,49,15.00,1483.00,-0004.86
21,08,01,08,44,51,15.00,1148.50,-0001.49
21,08,01,08,46,20,14.50,1183.00,-0001.84
21,08,01,08,46,22,14.50,1426.00,-0004.29
21,08,01,08,46,24,15.00,1634.50,-0006.38
21,08,01,08,46,26,15.00,1793.50,-0007.98
21,08,01,08,46,28,15.00,1981.50,-0009.87
21,08,01,08,46,30,15.00,2147.50,-0011.54
21,08,01,08,46,32,15.00,2140.00,-0011.47
21,08,01,08,46,34,14.50,2186.50,-0011.94
21,08,01,08,46,36,14.50,2157.50,-0011.64
21,08,01,08,46,38,14.50,2123.50,-0011.30
21,08,01,08,46,40,14.50,2126.50,-0011.33
21,08,01,08,46,42,14.50,2107.00,-0011.14
21,08,01,08,46,44,14.50,2147.50,-0011.54
21,08,01,08,46,46,14.50,2129.00,-0011.36
21,08,01,08,46,48,14.50,2102.50,-0011.09
21,08,01,08,46,50,15.00,1900.00,-0009.05
21,08,01,08,46,52,15.00,1592.50,-0005.96
21,08,01,08,46,54,15.00,1251.50,-0002.53
21,08,01,09,02,27,15.00,1131.00,-0001.32
21,08,01,09,02,29,15.00,1361.50,-0003.64
21,08,01,09,02,31,15.50,1520.50,-0005.24
21,08,01,09,02,33,15.50,1617.00,-0006.21
21,08,01,09,02,35,15.50,1771.50,-0007.76
21,08,01,09,02,37,15.50,1836.00,-0008.41
21,08,01,09,02,39,15.50,1643.00,-0006.47
21,08,01,09,02,41,15.00,1336.00,-0003.38
21,08,01,09,04,11,15.00,1167.00,-0001.68
21,08,01,09,04,13,15.00,1424.00,-0004.27
21,08,01,09,04,15,15.00,1670.00,-0006.74
21,08,01,09,04,17,15.00,1916.50,-0009.22
21,08,01,09,04,19,15.00,2153.50,-0011.60
21,08,01,09,04,21,14.50,2200.50,-0012.08
21,08,01,09,04,23,14.50,2365.00,-0013.73
21,08,01,09,04,25,14.50,2521.00,-0015.30
21,08,01,09,04,27,14.50,2542.00,-0015.51
21,08,01,09,04,29,14.50,2338.50,-0013.47
21,08,01,09,04,31,14.50,2343.00,-0013.51
21,08,01,09,04,33,14.50,2197.00,-0012.04
21,08,01,09,04,35,14.50,1967.00,-0009.73
21,08,01,09,04,37,14.50,1800.00,-0008.05
21,08,01,09,04,39,15.00,1818.50,-0008.23
21,08,01,09,04,41,15.00,1784.00,-0007.89
21,08,01,09,04,43,15.00,1477.00,-0004.80
21,08,01,09,04,45,15.00,1125.50,-0001.26
21,08,01,09,06,40,14.50,1272.50,-0002.74
21,08,01,09,06,42,15.00,1587.50,-0005.91
21,08,01,09,06,44,15.00,1861.50,-0008.67
21,08,01,09,06,46,15.00,2165.00,-0011.72
21,08,01,09,06,48,14.50,2519.00,-0015.28
21,08,01,09,06,50,14.50,2772.00,-0017.83
21,08,01,09,06,52,14.00,2865.50,-0018.77
21,08,01,09,06,54,14.00,2970.50,-0019.82
21,08,01,09,06,56,14.00,3017.00,-0020.29
21,08,01,09,06,58,14.00,2961.50,-0019.73
21,08,01,09,07,00,14.00,2826.00,-0018.37
21,08,01,09,07,02,14.00,2816.50,-0018.27
21,08,01,09,07,04,14.00,2704.00,-0017.14
21,08,01,09,07,06,14.00,2515.50,-0015.25
21,08,01,09,07,08,14.00,2281.00,-0012.89
21,08,01,09,07,10,14.00,2044.50,-0010.51
21,08,01,09,07,12,14.50,1784.50,-0007.89
21,08,01,09,07,14,14.50,1490.50,-0004.93
21,08,01,09,07,16,15.00,1153.00,-0001.54
21,08,01,11,19,09,18.50,1117.00,-0001.18
21,08,01,11,19,11,17.50,1347.50,-0003.50
21,08,01,11,19,13,17.00,1567.50,-0005.71
21,08,01,11,19,15,16.50,1804.50,-0008.09
21,08,01,11,19,17,16.50,1825.00,-0008.30
21,08,01,11,19,19,16.00,1903.00,-0009.08
21,08,01,11,19,21,16.00,1938.50,-0009.44
21,08,01,11,19,23,16.00,1975.00,-0009.81
21,08,01,11,19,25,15.50,1974.00,-0009.80
21,08,01,11,19,27,15.50,1783.00,-0007.88
21,08,01,11,19,29,15.50,1491.50,-0004.94
21,08,01,11,19,31,15.50,1169.50,-0001.71
21,08,01,11,19,51,15.50,1192.00,-0001.93
21,08,01,11,19,53,15.50,1467.00,-0004.70
21,08,01,11,19,55,15.50,1766.50,-0007.71
21,08,01,11,19,57,15.50,1854.00,-0008.59
21,08,01,11,19,59,15.50,1782.00,-0007.87
21,08,01,11,20,01,15.50,1575.50,-0005.79
21,08,01,11,20,03,15.50,1283.50,-0002.85
21,08,01,11,24,20,15.50,1243.00,-0002.44
21,08,01,11,25,38,16.00,1307.50,-0003.09
21,08,01,11,25,40,15.50,1460.50,-0004.63
21,08,01,11,25,42,15.50,1715.00,-0007.19
21,08,01,11,25,44,15.50,2041.00,-0010.47
21,08,01,11,25,46,15.00,2419.00,-0014.28
21,08,01,11,25,48,14.50,2780.00,-0017.91
21,08,01,11,25,50,14.50,2682.50,-0016.93
21,08,01,11,25,52,14.50,2448.50,-0014.57
21,08,01,11,25,54,14.50,2364.00,-0013.72
21,08,01,11,25,56,14.50,2120.00,-0011.27
21,08,01,11,25,58,14.50,1855.00,-0008.60
21,08,01,11,26,00,15.00,1567.50,-0005.71
21,08,01,11,26,02,15.00,1255.00,-0002.57
21,08,01,16,00,14,17.00,1161.50,-0001.62
21,08,01,16,00,16,16.50,1277.50,-0002.79
21,08,01,16,00,36,16.50,1285.00,-0002.87
21,08,01,16,00,38,16.50,1573.50,-0005.77
21,08,01,16,00,40,16.00,1896.00,-0009.01
21,08,01,16,00,42,15.50,2241.00,-0012.48
21,08,01,16,00,44,15.00,2570.00,-0015.79
21,08,01,16,00,46,14.50,2593.50,-0016.03
21,08,01,16,00,48,14.00,2603.50,-0016.13
21,08,01,16,00,50,14.00,2603.00,-0016.13
21,08,01,16,00,52,13.50,2620.00,-0016.30
21,08,01,16,00,54,13.50,2689.50,-0017.00
21,08,01,16,00,56,13.50,2685.50,-0016.96
21,08,01,16,00,58,13.50,2695.00,-0017.05
21,08,01,16,01,00,13.00,2744.50,-0017.55
21,08,01,16,01,02,13.00,2773.00,-0017.84
21,08,01,16,01,04,13.00,2758.00,-0017.69
21,08,01,16,01,06,13.00,2789.50,-0018.00
21,08,01,16,01,08,13.00,2678.00,-0016.88
21,08,01,16,01,10,13.00,2419.00,-0014.28
21,08,01,16,01,12,13.50,2143.00,-0011.50
21,08,01,16,01,14,14.00,1864.50,-0008.70
21,08,01,16,01,16,14.50,1559.50,-0005.63
21,08,01,16,01,18,15.50,1235.50,-0002.37
21,08,01,16,02,14,16.00,1228.00,-0002.29
21,08,01,16,02,16,16.00,1512.50,-0005.16
21,08,01,16,02,18,16.00,1793.00,-0007.98
21,08,01,16,02,20,15.50,2059.00,-0010.65
21,08,01,16,02,22,15.50,2332.50,-0013.40
21,08,01,16,02,24,15.00,2634.00,-0016.44
21,08,01,16,02,26,14.00,2984.50,-0019.96
21,08,01,16,02,28,13.50,3337.50,-0023.52
21,08,01,16,02,30,13.50,3680.00,-0026.96
21,08,01,16,02,32,13.00,3992.00,-0030.10
21,08,01,16,02,34,13.00,4027.00,-0030.45
21,08,01,16,02,36,13.00,4054.00,-0030.72
21,08,01,16,02,38,13.00,4075.00,-0030.93
21,08,01,16,02,40,13.00,4117.50,-0031.36
21,08,01,16,02,42,12.50,4109.50,-0031.28
21,08,01,16,02,44,12.50,4136.50,-0031.55
21,08,01,16,02,46,12.50,4138.50,-0031.57
21,08,01,16,02,48,12.50,4016.50,-0030.35
21,08,01,16,02,50,12.50,3813.00,-0028.30
21,08,01,16,02,52,12.50,3617.50,-0026.33
21,08,01,16,02,54,12.50,3422.50,-0024.37
21,08,01,16,02,56,12.50,3220.00,-0022.33
21,08,01,16,02,58,12.50,3014.50,-0020.27
21,08,01,16,03,00,12.50,2794.00,-0018.05
21,08,01,16,03,02,12.50,2560.00,-0015.69
21,08,01,16,03,04,13.00,2319.00,-0013.27
21,08,01,16,03,06,13.50,2067.50,-0010.74
21,08,01,16,03,08,14.00,1796.00,-0008.01
21,08,01,16,03,10,14.50,1502.50,-0005.06
21,08,01,16,03,12,15.00,1187.50,-0001.89
21,08,01,17,47,37,16.50,1295.00,-0002.97
21,08,01,17,47,39,16.00,1590.00,-0005.94
21,08,01,17,47,41,16.00,1887.00,-0008.92
21,08,01,17,47,43,16.00,2211.50,-0012.19
21,08,01,17,47,45,16.00,2530.00,-0015.39
21,08,01,17,47,47,15.50,2860.00,-0018.71
21,08,01,17,47,49,15.00,3171.50,-0021.85
21,08,01,17,47,51,14.50,3474.50,-0024.89
21,08,01,17,47,53,14.00,3786.50,-0028.03
21,08,01,17,47,55,13.50,3882.50,-0029.00
21,08,01,17,47,57,13.50,3922.00,-0029.40
21,08,01,17,47,59,13.50,3962.00,-0029.80
21,08,01,17,48,01,13.00,3977.00,-0029.95
21,08,01,17,48,03,13.00,4047.50,-0030.66
21,08,01,17,48,05,13.00,4085.50,-0031.04
21,08,01,17,48,07,13.00,4134.50,-0031.53
21,08,01,17,48,09,13.00,4154.50,-0031.73
21,08,01,17,48,11,12.50,4168.00,-0031.87
21,08,01,17,48,13,12.50,3980.00,-0029.98
21,08,01,17,48,15,12.50,3782.00,-0027.99
21,08,01,17,48,17,12.50,3603.50,-0026.19
21,08,01,17,48,19,13.00,3417.50,-0024.32
21,08,01,17,48,21,13.00,3229.00,-0022.42
21,08,01,17,48,23,13.50,3034.50,-0020.47
21,08,01,17,48,25,14.00,2829.50,-0018.40
21,08,01,17,48,27,14.00,2623.00,-0016.33
21,08,01,17,48,29,14.50,2410.50,-0014.19
21,08,01,17,48,31,14.50,2185.00,-0011.92
21,08,01,17,48,33,15.00,1944.00,-0009.50
21,08,01,17,48,35,15.00,1673.00,-0006.77
21,08,01,17,48,37,15.00,1374.50,-0003.77
21,08,01,17,49,56,16.00,1201.50,-0002.03
21,08,01,17,49,58,16.00,1482.50,-0004.85
21,08,01,17,50,00,15.50,1818.00,-0008.23
21,08,01,17,50,02,15.50,2054.00,-0010.60
21,08,01,17,50,04,15.50,2025.00,-0010.31
21,08,01,17,50,06,15.50,2041.50,-0010.48
21,08,01,17,50,08,15.50,2001.50,-0010.08
21,08,01,17,50,10,15.50,2047.00,-0010.53
21,08,01,17,50,12,15.50,2135.00,-0011.42
21,08,01,17,50,14,15.50,2149.00,-0011.56
21,08,01,17,50,16,15.50,2075.50,-0010.82
21,08,01,17,50,18,15.50,2054.50,-0010.61
21,08,01,17,50,20,15.50,1930.00,-0009.36
21,08,01,17,50,22,15.50,1689.00,-0006.93
21,08,01,17,50,24,15.50,1403.50,-0004.06
21,08,01,17,53,59,16.00,1157.00,-0001.58
21,08,01,17,54,01,16.00,1309.00,-0003.11
21,08,01,17,54,03,16.00,1340.50,-0003.43
21,08,01,17,54,05,16.00,1251.00,-0002.53
21,08,01,17,54,07,16.00,1212.50,-0002.14
21,08,01,17,54,09,16.00,1184.50,-0001.86
21,08,01,17,54,11,16.00,1226.50,-0002.28
21,08,01,17,54,13,16.00,1221.00,-0002.22
21,08,01,17,54,15,16.00,1202.00,-0002.03
21,08,01,17,54,31,16.00,1122.00,-0001.23
21,08,01,17,54,33,16.00,1399.00,-0004.01
21,08,01,17,54,35,16.00,1490.50,-0004.93
21,08,01,17,54,37,16.00,1452.00,-0004.55
21,08,01,17,54,39,15.50,1437.50,-0004.40
21,08,01,17,54,41,15.50,1471.00,-0004.74
21,08,01,17,54,43,15.50,1456.00,-0004.59
21,08,01,17,54,45,15.50,1273.50,-0002.75
21,08,01,17,54,59,16.00,1121.50,-0001.22
21,08,01,17,55,01,16.00,1274.50,-0002.76
21,08,01,17,55,03,16.00,1209.00,-0002.10
21,08,01,17,55,05,16.00,1150.50,-0001.51
21,08,01,17,55,07,16.00,1206.50,-0002.08
21,08,01,17,55,09,16.00,1256.50,-0002.58
21,08,01,17,55,27,16.00,1327.50,-0003.29
21,08,01,17,55,29,16.00,1653.50,-0006.57
21,08,01,17,55,31,15.50,1925.00,-0009.31
21,08,01,17,55,33,15.50,2092.50,-0010.99
21,08,01,17,55,35,15.50,2187.00,-0011.94
21,08,01,17,55,37,15.50,2245.00,-0012.52
21,08,01,17,55,39,15.50,2157.50,-0011.64
21,08,01,17,55,41,15.50,1919.00,-0009.25
21,08,01,17,55,43,15.50,1677.00,-0006.81
21,08,01,17,55,45,15.50,1404.50,-0004.07
21,08,02,05,27,27,15.00,1156.00,-0001.57
21,08,02,05,27,29,15.00,1473.50,-0004.76
21,08,02,05,27,31,15.00,1779.50,-0007.84
21,08,02,05,27,33,15.50,1982.50,-0009.88
21,08,02,05,27,35,15.50,1914.50,-0009.20
21,08,02,05,27,37,15.50,1687.00,-0006.91
21,08,02,05,27,39,15.50,1375.50,-0003.78
21,08,02,05,33,30,14.50,1199.50,-0002.01
21,08,02,05,34,14,15.00,1372.00,-0003.74
21,08,02,05,34,16,15.00,1684.50,-0006.89
21,08,02,05,34,18,15.50,2075.50,-0010.82
21,08,02,05,34,20,15.50,2304.00,-0013.12
21,08,02,05,34,22,15.50,2147.00,-0011.54
21,08,02,05,34,24,15.50,2014.50,-0010.21
21,08,02,05,34,26,15.50,1766.50,-0007.71
21,08,02,05,34,28,15.50,1483.50,-0004.86
21,08,02,05,34,30,15.50,1160.50,-0001.61
21,08,02,05,34,52,15.00,1245.00,-0002.46
21,08,02,05,34,54,15.50,1445.00,-0004.48
21,08,02,05,34,56,15.50,1872.00,-0008.77
21,08,02,05,34,58,15.50,2081.00,-0010.87
21,08,02,05,35,00,15.50,2318.50,-0013.26
21,08,02,05,35,02,15.50,2312.50,-0013.20
21,08,02,05,35,04,15.50,2265.00,-0012.73
21,08,02,05,35,06,15.50,1990.50,-0009.96
21,08,02,05,35,08,15.50,1740.00,-0007.44
21,08,02,05,35,10,15.50,1528.50,-0005.32
21,08,02,05,35,12,15.50,1344.00,-0003.46
21,08,02,05,43,16,13.50,1165.00,-0001.66
21,08,02,05,43,18,14.00,1398.50,-0004.01
21,08,02,05,43,20,14.50,1612.00,-0006.16
21,08,02,05,43,22,15.00,1824.00,-0008.29
21,08,02,05,43,24,15.00,1969.50,-0009.75
21,08,02,05,43,26,15.00,2079.50,-0010.86
21,08,02,05,43,28,15.00,1947.50,-0009.53
21,08,02,05,43,30,15.00,1735.50,-0007.40
21,08,02,05,43,32,15.50,1523.50,-0005.27
21,08,02,05,43,34,15.50,1197.00,-0001.98
21,08,02,05,54,25,13.50,1247.00,-0002.48
21,08,02,05,54,27,14.00,1403.50,-0004.06
21,08,02,05,54,29,14.50,1551.00,-0005.54
21,08,02,05,54,31,15.00,1632.00,-0006.36
21,08,02,05,54,33,15.00,1691.50,-0006.96
21,08,02,05,54,35,15.00,1740.00,-0007.44
21,08,02,05,54,37,15.00,1701.00,-0007.05
21,08,02,05,54,39,15.00,1382.50,-0003.85
21,08,02,06,01,38,13.00,1148.00,-0001.49
21,08,02,06,01,40,14.00,1459.50,-0004.62
21,08,02,06,01,42,14.50,1743.50,-0007.48
21,08,02,06,01,44,15.00,2051.50,-0010.58
21,08,02,06,01,46,15.00,2064.50,-0010.71
21,08,02,06,01,48,15.00,2162.50,-0011.69
21,08,02,06,01,50,15.00,1918.00,-0009.24
21,08,02,06,01,52,15.00,1600.00,-0006.04
21,08,02,06,01,54,15.00,1261.50,-0002.63
21,08,02,06,14,09,13.50,1109.50,-0001.10
21,08,02,06,14,11,14.00,1229.00,-0002.30
21,08,02,06,14,45,14.50,1197.50,-0001.99
21,08,02,06,14,47,15.00,1375.00,-0003.77
21,08,02,06,14,49,15.00,1512.50,-0005.16
21,08,02,06,14,51,15.00,1406.00,-0004.08
21,08,02,06,14,53,15.00,1154.00,-0001.55
21,08,02,06,15,21,15.00,1157.00,-0001.58
21,08,02,06,15,23,15.00,1314.00,-0003.16
21,08,02,06,15,25,15.00,1532.50,-0005.36
21,08,02,06,15,27,15.00,1807.50,-0008.12
21,08,02,06,15,29,15.00,2053.00,-0010.59
21,08,02,06,15,31,15.00,2229.00,-0012.36
21,08,02,06,15,33,15.00,2337.00,-0013.45
21,08,02,06,15,35,14.50,2436.00,-0014.45
21,08,02,06,15,37,14.50,2341.50,-0013.50
21,08,02,06,15,39,14.50,2158.00,-0011.65
21,08,02,06,15,41,14.50,1957.00,-0009.63
21,08,02,06,15,43,15.00,1670.50,-0006.75
21,08,02,06,15,45,15.00,1338.00,-0003.40
21,08,02,06,22,16,14.50,1262.50,-0002.64
21,08,02,06,22,18,14.50,1440.00,-0004.43
21,08,02,06,22,20,15.00,1530.00,-0005.33
21,08,02,06,22,22,15.00,1589.50,-0005.93
21,08,02,06,22,24,15.00,1592.00,-0005.96
21,08,02,06,22,26,15.00,1326.00,-0003.28
21,08,02,06,46,56,14.50,1224.50,-0002.26
21,08,02,06,46,58,15.00,1496.50,-0004.99
21,08,02,06,47,00,15.00,1769.00,-0007.74
21,08,02,06,47,02,15.50,2002.00,-0010.08
21,08,02,06,47,04,15.50,2259.00,-0012.67
21,08,02,06,47,06,15.50,2314.50,-0013.22
21,08,02,06,47,10,15.50,1895.00,-0009.00
21,08,02,06,47,12,15.50,1617.00,-0006.21
21,08,02,06,47,14,15.50,1296.00,-0002.98
21,08,02,06,57,02,13.50,1141.00,-0001.42
21,08,02,07,00,40,14.00,1297.50,-0002.99
21,08,02,07,00,42,14.50,1533.00,-0005.36
21,08,02,07,00,44,14.50,1764.50,-0007.69
21,08,02,07,00,46,15.00,1956.50,-0009.62
21,08,02,07,00,48,15.00,2158.00,-0011.65
21,08,02,07,00,50,15.00,2349.50,-0013.58
21,08,02,07,00,52,15.00,2341.50,-0013.50
21,08,02,07,00,54,15.00,2125.00,-0011.32
21,08,02,07,00,56,15.00,2033.00,-0010.39
21,08,02,07,00,58,15.00,1954.50,-0009.60
21,08,02,07,01,00,15.00,1958.00,-0009.64
21,08,02,07,01,02,15.00,1728.00,-0007.32
21,08,02,07,01,04,15.00,1387.50,-0003.90
21,08,02,07,08,01,13.00,1107.00,-0001.08
21,08,02,07,08,03,14.00,1355.00,-0003.57
21,08,02,07,08,05,14.50,1613.00,-0006.17
21,08,02,07,08,07,14.50,1868.50,-0008.74
21,08,02,07,08,09,15.00,2075.00,-0010.81
21,08,02,07,08,11,15.00,2062.00,-0010.68
21,08,02,07,08,13,15.00,2140.50,-0011.47
21,08,02,07,08,15,15.00,2100.50,-0011.07
21,08,02,07,08,17,15.00,2149.50,-0011.56
21,08,02,07,08,19,15.00,2189.00,-0011.96
21,08,02,07,08,21,15.00,2256.50,-0012.64
21,08,02,07,08,23,15.00,2176.50,-0011.84
21,08,02,07,08,25,15.00,2098.00,-0011.05
21,08,02,07,08,27,15.00,1881.50,-0008.87
21,08,02,07,08,29,15.00,1549.00,-0005.52
21,08,02,07,08,31,15.00,1176.50,-0001.78
21,08,02,07,08,51,15.00,1330.00,-0003.32
21,08,02,07,08,53,15.00,1613.00,-0006.17
21,08,02,07,08,55,15.50,1866.00,-0008.71
21,08,02,07,08,57,15.50,2074.50,-0010.81
21,08,02,07,08,59,15.50,2144.00,-0011.51
21,08,02,07,09,01,15.50,2020.00,-0010.26
21,08,02,07,09,03,15.50,2008.50,-0010.15
21,08,02,07,09,05,15.50,1996.00,-0010.02
21,08,02,07,09,07,15.50,1963.50,-0009.69
21,08,02,07,09,09,15.50,2068.50,-0010.75
21,08,02,07,09,11,15.50,2187.00,-0011.94
21,08,02,07,09,13,15.50,2140.50,-0011.47
21,08,02,07,09,15,15.50,2016.00,-0010.22
21,08,02,07,09,17,15.50,1727.50,-0007.32
21,08,02,07,09,19,15.50,1381.50,-0003.84
21,08,02,07,09,57,15.00,1288.50,-0002.90
21,08,02,07,09,59,15.00,1613.00,-0006.17
21,08,02,07,10,01,15.50,1902.00,-0009.07
21,08,02,07,10,03,15.50,2035.50,-0010.42
21,08,02,07,10,05,15.50,2107.00,-0011.14
21,08,02,07,10,07,15.50,1961.00,-0009.67
21,08,02,07,10,09,15.50,1970.00,-0009.76
21,08,02,07,10,11,15.50,1920.50,-0009.26
21,08,02,07,10,13,15.50,1866.00,-0008.71
21,08,02,07,10,15,15.50,1933.00,-0009.39
21,08,02,07,10,17,15.50,1711.50,-0007.16
21,08,02,07,10,19,15.50,1383.50,-0003.86
21,08,02,07,10,39,15.00,1166.00,-0001.67
21,08,02,07,10,41,15.00,1481.50,-0004.84
21,08,02,07,10,43,15.50,1798.00,-0008.03
21,08,02,07,10,45,15.50,2071.50,-0010.78
21,08,02,07,10,47,15.50,2145.50,-0011.52
21,08,02,07,10,49,15.50,2295.50,-0013.03
21,08,02,07,10,51,15.50,2380.00,-0013.88
21,08,02,07,10,53,15.00,2429.00,-0014.38
21,08,02,07,10,55,15.00,2360.50,-0013.69
21,08,02,07,10,57,15.50,2076.50,-0010.83
21,08,02,07,10,59,15.50,1775.00,-0007.80
21,08,02,07,11,01,15.50,1445.50,-0004.48
21,08,02,07,11,25,15.00,1340.50,-0003.43
21,08,02,07,11,27,15.00,1637.00,-0006.41
21,08,02,07,11,29,15.50,1872.50,-0008.78
21,08,02,07,11,31,15.50,2037.00,-0010.43
21,08,02,07,11,33,15.50,2171.50,-0011.79
21,08,02,07,11,35,15.50,2152.50,-0011.59
21,08,02,07,11,37,15.50,2089.50,-0010.96
21,08,02,07,11,39,15.50,1935.00,-0009.41
21,08,02,07,11,41,15.50,1984.00,-0009.90
21,08,02,07,11,43,15.50,2021.50,-0010.28
21,08,02,07,11,45,15.50,2051.50,-0010.58
21,08,02,07,11,47,15.50,2022.50,-0010.29
21,08,02,07,11,49,15.50,1874.00,-0008.79
21,08,02,07,11,51,15.50,1563.00,-0005.66
21,08,02,07,11,53,15.50,1216.00,-0002.17
21,08,02,07,12,27,15.00,1248.50,-0002.50
21,08,02,07,12,29,15.50,1564.50,-0005.68
21,08,02,07,12,31,15.50,1855.50,-0008.61
21,08,02,07,12,33,15.50,2102.50,-0011.09
21,08,02,07,12,35,15.50,2182.50,-0011.90
21,08,02,07,12,37,15.50,2251.00,-0012.59
21,08,02,07,12,39,15.50,2264.00,-0012.72
21,08,02,07,12,41,15.50,2270.00,-0012.78
21,08,02,07,12,43,15.50,2310.00,-0013.18
21,08,02,07,12,45,15.50,2126.00,-0011.33
21,08,02,07,12,47,15.50,1877.00,-0008.82
21,08,02,07,12,49,15.50,1572.00,-0005.75
21,08,02,07,12,51,15.50,1222.00,-0002.23
21,08,02,07,13,23,15.00,1144.00,-0001.45
21,08,02,07,13,25,15.50,1457.00,-0004.60
21,08,02,07,13,27,15.50,1727.50,-0007.32
21,08,02,07,13,29,15.50,1730.00,-0007.34
21,08,02,07,13,31,15.50,1900.50,-0009.06
21,08,02,07,13,33,15.50,1990.50,-0009.96
21,08,02,07,13,35,15.50,1996.00,-0010.02
21,08,02,07,13,37,15.50,1916.00,-0009.21
21,08,02,07,13,39,15.50,1916.00,-0009.21
21,08,02,07,13,41,15.50,1815.00,-0008.20
21,08,02,07,13,43,15.50,1534.50,-0005.38
21,08,02,07,13,45,15.50,1194.50,-0001.96
21,08,02,07,14,25,15.00,1278.50,-0002.80
21,08,02,07,14,27,15.00,1528.00,-0005.31
21,08,02,07,14,29,15.50,1744.00,-0007.48
21,08,02,07,14,31,15.50,1938.00,-0009.44
21,08,02,07,14,33,15.50,2097.50,-0011.04
21,08,02,07,14,35,15.50,2166.50,-0011.73
21,08,02,07,14,37,15.50,2160.50,-0011.67
21,08,02,07,14,39,15.50,2007.00,-0010.13
21,08,02,07,14,41,15.50,2058.00,-0010.64
21,08,02,07,14,43,15.50,1979.00,-0009.85
21,08,02,07,14,45,15.50,1790.50,-0007.95
21,08,02,07,14,47,15.50,1667.50,-0006.72
21,08,02,07,14,49,15.50,1338.00,-0003.40
21,08,02,07,16,11,14.50,1243.50,-0002.45
21,08,02,07,16,13,15.00,1467.50,-0004.70
21,08,02,07,16,15,15.00,1636.50,-0006.40
21,08,02,07,16,17,15.00,1747.50,-0007.52
21,08,02,07,16,19,15.00,1827.50,-0008.32
21,08,02,07,16,21,15.00,1910.50,-0009.16
21,08,02,07,16,23,15.50,1955.50,-0009.61
21,08,02,07,16,25,15.50,2004.00,-0010.10
21,08,02,07,16,27,15.00,2069.00,-0010.75
21,08,02,07,16,29,15.00,2136.50,-0011.43
21,08,02,07,16,31,15.00,2151.50,-0011.58
21,08,02,07,16,33,15.00,2219.50,-0012.27
21,08,02,07,16,35,15.00,2156.50,-0011.63
21,08,02,07,16,37,15.00,2205.00,-0012.12
21,08,02,07,16,39,15.00,1984.50,-0009.90
21,08,02,07,16,41,15.00,1672.00,-0006.76
21,08,02,07,16,43,15.00,1336.50,-0003.39
21,08,02,07,18,42,14.00,1282.00,-0002.84
21,08,02,07,18,44,14.50,1553.50,-0005.57
21,08,02,07,18,46,15.00,1834.50,-0008.40
21,08,02,07,18,48,15.00,2089.00,-0010.96
21,08,02,07,18,50,15.00,2388.00,-0013.96
21,08,02,07,18,52,14.50,2605.00,-0016.15
21,08,02,07,18,54,14.50,2702.50,-0017.13
21,08,02,07,18,56,14.50,2794.50,-0018.05
21,08,02,07,18,58,14.00,2772.00,-0017.83
21,08,02,07,19,00,14.00,2552.50,-0015.62
21,08,02,07,19,02,14.50,2292.00,-0013.00
21,08,02,07,19,04,15.00,2000.00,-0010.06
21,08,02,07,19,06,15.00,1688.50,-0006.93
21,08,02,07,19,08,15.00,1346.00,-0003.48
21,08,02,07,20,40,14.50,1128.50,-0001.29
21,08,02,07,20,42,15.00,1400.00,-0004.02
21,08,02,07,20,44,15.00,1724.00,-0007.28
21,08,02,07,20,46,15.00,2018.50,-0010.25
21,08,02,07,20,48,15.50,2278.00,-0012.86
21,08,02,07,20,50,15.00,2397.50,-0014.06
21,08,02,07,20,52,15.00,2361.50,-0013.70
21,08,02,07,20,54,15.00,2393.50,-0014.02
21,08,02,07,20,56,15.00,2411.00,-0014.19
21,08,02,07,20,58,15.00,2423.00,-0014.32
21,08,02,07,21,00,15.00,2483.50,-0014.92
21,08,02,07,21,02,15.00,2450.50,-0014.59
21,08,02,07,21,04,15.00,2191.50,-0011.99
21,08,02,07,21,06,15.00,1925.00,-0009.31
21,08,02,07,21,08,15.00,1633.00,-0006.37
21,08,02,07,21,10,15.00,1303.00,-0003.05
21,08,02,07,22,17,15.00,1174.00,-0001.75
21,08,02,07,22,19,15.00,1447.50,-0004.50
21,08,02,07,22,21,15.00,1715.50,-0007.20
21,08,02,07,22,23,15.50,1900.00,-0009.05
21,08,02,07,22,25,15.50,2076.00,-0010.82
21,08,02,07,22,27,15.50,2241.00,-0012.48
21,08,02,07,22,29,15.00,2419.00,-0014.28
21,08,02,07,22,31,15.00,2493.50,-0015.02
21,08,02,07,22,33,15.00,2419.50,-0014.28
21,08,02,07,22,35,15.00,2416.00,-0014.24
21,08,02,07,22,37,15.00,2434.00,-0014.43
21,08,02,07,22,39,15.00,2239.50,-0012.47
21,08,02,07,22,41,15.00,2179.00,-0011.86
21,08,02,07,22,43,15.00,1929.00,-0009.35
21,08,02,07,22,45,15.00,1644.50,-0006.48
21,08,02,07,22,47,15.00,1326.50,-0003.28
21,08,02,08,09,46,17.50,1150.50,-0001.51
21,08,02,08,09,48,17.00,1228.00,-0002.29
21,08,02,08,09,50,16.50,1149.00,-0001.50
21,08,02,12,08,43,14.50,1114.00,-0001.15
21,08,02,12,08,45,15.00,1379.50,-0003.82
21,08,02,12,08,47,15.00,1657.00,-0006.61
21,08,02,12,08,49,15.00,1935.00,-0009.41
21,08,02,12,08,51,15.00,2088.00,-0010.95
21,08,02,12,08,53,15.00,2215.50,-0012.23
21,08,02,12,08,55,15.00,2030.00,-0010.36
21,08,02,12,08,57,15.00,1748.50,-0007.53
21,08,02,12,08,59,15.00,1431.50,-0004.34
21,08,02,12,09,31,15.00,1114.00,-0001.15
21,08,02,12,09,33,15.00,1438.50,-0004.41
21,08,02,12,09,35,15.00,1692.00,-0006.96
21,08,02,12,09,37,15.00,1804.50,-0008.09
21,08,02,12,09,39,15.00,1946.50,-0009.52
21,08,02,12,09,41,15.00,2205.50,-0012.13
21,08,02,12,09,43,15.00,2544.50,-0015.54
21,08,02,12,09,45,15.00,2882.50,-0018.94
21,08,02,12,09,47,14.50,3242.50,-0022.56
21,08,02,12,09,49,14.50,3610.50,-0026.26
21,08,02,12,09,51,14.00,3927.50,-0029.45
21,08,02,12,09,53,13.50,4112.00,-0031.31
21,08,02,12,09,55,13.50,3938.00,-0029.56
21,08,02,12,09,57,13.50,3746.50,-0027.63
21,08,02,12,09,59,13.50,3556.00,-0025.71
21,08,02,12,10,01,13.50,3357.50,-0023.72
21,08,02,12,10,03,14.00,3160.00,-0021.73
21,08,02,12,10,05,14.00,2960.50,-0019.72
21,08,02,12,10,07,14.50,2739.50,-0017.50
21,08,02,12,10,09,14.50,2503.50,-0015.13
21,08,02,12,10,11,14.50,2257.00,-0012.65
21,08,02,12,10,13,15.00,1998.00,-0010.04
21,08,02,12,10,15,15.00,1718.00,-0007.22
21,08,02,12,10,17,15.00,1398.50,-0004.01
21,08,02,12,13,10,16.00,1205.00,-0002.06
21,08,02,12,13,12,16.00,1430.00,-0004.33
21,08,02,12,13,14,15.50,1544.50,-0005.48
21,08,02,12,13,16,15.50,1301.00,-0003.03
21,08,02,12,13,42,15.00,1354.50,-0003.57
21,08,02,12,13,44,15.00,1638.00,-0006.42
21,08,02,12,13,46,15.00,1866.50,-0008.72
21,08,02,12,13,48,15.00,2099.50,-0011.06
21,08,02,12,13,50,15.00,2409.50,-0014.18
21,08,02,12,13,52,15.00,2626.00,-0016.36
21,08,02,12,13,54,14.50,2480.00,-0014.89
21,08,02,12,13,56,14.50,2367.00,-0013.75
21,08,02,12,13,58,15.00,2206.50,-0012.14
21,08,02,12,14,00,15.00,2080.00,-0010.86
21,08,02,12,14,02,15.00,1878.00,-0008.83
21,08,02,12,14,04,15.00,1622.00,-0006.26
21,08,02,12,14,06,15.00,1288.50,-0002.90
21,08,02,12,24,21,14.00,1145.00,-0001.46
21,08,02,12,24,23,14.50,1462.50,-0004.65
21,08,02,12,24,25,15.00,1819.00,-0008.24
21,08,02,12,24,27,15.00,1996.00,-0010.02
21,08,02,12,24,29,15.00,2040.00,-0010.46
21,08,02,12,24,31,15.00,1996.00,-0010.02
21,08,02,12,24,33,15.00,2028.00,-0010.34
21,08,02,12,24,35,15.00,2010.50,-0010.17
21,08,02,12,24,37,15.00,1897.00,-0009.02
21,08,02,12,24,39,15.00,1679.50,-0006.84
21,08,02,12,24,41,15.00,1379.00,-0003.81
21,08,02,12,25,03,15.00,1111.50,-0001.12
21,08,02,12,25,19,15.00,1280.00,-0002.82
21,08,02,12,25,21,15.00,1468.50,-0004.71
21,08,02,12,25,23,15.00,1648.50,-0006.52
21,08,02,12,25,25,15.00,1815.50,-0008.20
21,08,02,12,25,27,15.00,1937.00,-0009.43
21,08,02,12,25,29,15.00,1964.50,-0009.70
21,08,02,12,25,31,15.00,1950.00,-0009.56
21,08,02,12,25,33,15.00,1924.50,-0009.30
21,08,02,12,25,35,15.00,1931.50,-0009.37
21,08,02,12,25,37,15.00,1857.00,-0008.62
21,08,02,12,25,39,15.00,1759.00,-0007.64
21,08,02,12,25,41,15.00,1494.00,-0004.97
21,08,02,12,25,43,15.00,1161.00,-0001.62
21,08,02,12,26,09,15.00,1292.50,-0002.94
21,08,02,12,26,11,15.00,1548.50,-0005.52
21,08,02,12,26,13,15.00,1720.50,-0007.25
21,08,02,12,26,15,15.00,1737.50,-0007.42
21,08,02,12,26,17,15.00,1741.50,-0007.46
21,08,02,12,26,19,15.00,1783.50,-0007.88
21,08,02,12,26,21,15.00,1781.50,-0007.86
21,08,02,12,26,23,15.00,1732.00,-0007.36
21,08,02,12,26,25,15.00,1475.50,-0004.78
21,08,02,12,26,27,15.00,1129.00,-0001.30
21,08,02,12,26,38,15.00,1228.00,-0002.29
21,08,02,12,26,40,15.50,1546.00,-0005.49
21,08,02,12,26,42,15.50,1729.00,-0007.33
21,08,02,12,26,44,15.50,1816.00,-0008.21
21,08,02,12,26,46,15.50,1943.50,-0009.49
21,08,02,12,26,48,15.50,2051.50,-0010.58
21,08,02,12,26,52,15.50,2123.50,-0011.30
21,08,02,12,26,54,15.50,1917.00,-0009.23
21,08,02,12,26,56,15.50,1627.00,-0006.31
21,08,02,12,26,58,15.50,1308.00,-0003.10
21,08,02,12,27,32,15.00,1315.50,-0003.17
21,08,02,12,27,34,15.00,1463.50,-0004.66
21,08,02,12,27,36,15.00,1705.50,-0007.10
21,08,02,12,27,38,15.00,2021.50,-0010.28
21,08,02,12,27,40,15.00,2049.50,-0010.56
21,08,02,12,27,42,15.00,2160.50,-0011.67
21,08,02,12,27,44,15.00,2220.00,-0012.27
21,08,02,12,27,46,15.00,2244.00,-0012.51
21,08,02,12,27,48,15.00,2349.50,-0013.58
21,08,02,12,27,50,15.00,2380.50,-0013.89
21,08,02,12,27,52,15.00,2344.00,-0013.52
21,08,02,12,27,54,15.00,2323.00,-0013.31
21,08,02,12,27,56,15.00,2275.00,-0012.83
21,08,02,12,27,58,15.00,2249.50,-0012.57
21,08,02,12,28,00,15.00,1971.00,-0009.77
21,08,02,12,28,02,15.00,1674.00,-0006.78
21,08,02,12,28,04,15.00,1357.50,-0003.60
21,08,02,12,28,28,15.00,1188.00,-0001.89
21,08,02,12,28,30,15.00,1279.50,-0002.81
21,08,02,12,28,32,15.00,1416.00,-0004.18
21,08,02,12,28,34,15.00,1223.00,-0002.24
21,08,02,12,29,38,15.00,1241.00,-0002.42
21,08,02,12,29,40,15.00,1285.00,-0002.87
21,08,02,12,29,42,15.00,1142.00,-0001.43
21,08,02,12,29,44,15.00,1157.00,-0001.58
21,08,02,12,29,46,15.00,1182.50,-0001.84
21,08,02,12,29,48,15.00,1199.00,-0002.00
21,08,02,12,30,04,15.00,1110.50,-0001.11
21,08,02,12,30,06,15.00,1407.00,-0004.09
21,08,02,12,30,08,15.00,1692.00,-0006.96
21,08,02,12,30,10,15.00,1744.00,-0007.48
21,08,02,12,30,12,15.00,1750.00,-0007.55
21,08,02,12,30,14,15.00,1711.00,-0007.15
21,08,02,12,30,16,15.00,1565.00,-0005.68
21,08,02,12,30,18,15.00,1257.00,-0002.59
21,08,02,13,44,31,15.00,1242.00,-0002.43
21,08,02,13,44,33,15.00,1481.00,-0004.84
21,08,02,13,44,35,15.00,1649.50,-0006.53
21,08,02,13,44,37,15.00,1780.00,-0007.85
21,08,02,13,44,39,15.00,1881.00,-0008.86
21,08,02,13,44,41,15.00,1739.00,-0007.43
21,08,02,13,44,43,15.00,1479.00,-0004.82
21,08,02,13,44,45,15.00,1147.00,-0001.48
21,08,02,13,45,03,15.00,1107.00,-0001.08
21,08,02,13,45,05,15.00,1393.50,-0003.96
21,08,02,13,45,07,15.00,1659.50,-0006.63
21,08,02,13,45,09,15.00,1718.00,-0007.22
21,08,02,13,45,11,15.00,1551.50,-0005.55
21,08,02,13,45,13,15.00,1394.00,-0003.96
21,08,02,13,46,09,15.00,1222.50,-0002.24
21,08,02,13,46,11,15.00,1445.50,-0004.48
21,08,02,13,46,13,15.00,1666.50,-0006.70
21,08,02,13,46,15,15.00,1848.50,-0008.54
21,08,02,13,46,17,15.00,2026.00,-0010.32
21,08,02,13,46,19,15.00,2169.50,-0011.77
21,08,02,13,46,21,15.00,2252.00,-0012.60
21,08,02,13,46,23,15.00,2415.50,-0014.24
21,08,02,13,46,25,14.50,2558.00,-0015.67
21,08,02,13,46,27,14.50,2334.00,-0013.42
21,08,02,13,46,29,15.00,1915.50,-0009.21
21,08,02,13,46,31,15.00,1506.00,-0005.09
21,08,02,13,57,57,14.50,1102.50,-0001.03
21,08,02,13,57,59,15.00,1309.50,-0003.11
21,08,02,13,58,01,15.00,1461.50,-0004.64
21,08,02,13,58,03,15.00,1487.00,-0004.90
21,08,02,13,58,05,15.00,1453.00,-0004.56
21,08,02,13,58,07,15.00,1415.50,-0004.18
21,08,02,13,58,09,15.00,1335.50,-0003.38
21,08,02,13,58,27,15.00,1206.00,-0002.07
21,08,02,13,58,29,15.00,1463.50,-0004.66
21,08,02,13,58,31,15.00,1580.00,-0005.83
21,08,02,13,58,33,15.00,1654.00,-0006.58
21,08,02,13,58,35,15.00,1680.50,-0006.85
21,08,02,13,58,37,15.00,1644.00,-0006.48
21,08,02,13,58,39,15.00,1486.00,-0004.89
21,08,02,13,58,41,15.00,1452.50,-0004.55
21,08,02,13,58,43,15.00,1182.00,-0001.83
21,08,02,13,58,59,15.00,1224.50,-0002.26
21,08,02,13,59,01,15.00,1517.50,-0005.21
21,08,02,13,59,03,15.00,1624.00,-0006.28
21,08,02,13,59,05,15.00,1583.50,-0005.87
21,08,02,13,59,07,15.00,1536.00,-0005.39
21,08,02,13,59,09,15.00,1406.00,-0004.08
21,08,02,13,59,11,15.00,1147.50,-0001.48
21,08,02,14,00,07,15.00,1272.00,-0002.74
21,08,02,14,00,09,15.00,1425.50,-0004.28
21,08,02,14,00,11,15.00,1581.50,-0005.85
21,08,02,14,00,13,15.00,1750.50,-0007.55
21,08,02,14,00,15,15.00,1765.00,-0007.70
21,08,02,14,00,17,15.00,1621.50,-0006.25
21,08,02,14,00,19,15.00,1540.50,-0005.44
21,08,02,14,00,21,15.00,1304.50,-0003.06
21,08,02,14,01,03,15.00,1372.50,-0003.75
21,08,02,14,01,05,15.00,1501.50,-0005.05
21,08,02,14,01,07,15.00,1551.00,-0005.54
21,08,02,14,01,09,15.00,1653.50,-0006.57
21,08,02,14,01,11,15.00,1763.00,-0007.68
21,08,02,14,01,13,15.00,1644.50,-0006.48
21,08,02,14,01,15,15.00,1579.00,-0005.82
21,08,02,14,01,17,15.00,1443.50,-0004.46
21,08,02,14,01,19,15.00,1146.50,-0001.47
21,08,02,14,03,21,14.00,1210.00,-0002.11
21,08,02,14,03,23,14.50,1514.50,-0005.18
21,08,02,14,03,25,14.50,1840.50,-0008.46
21,08,02,14,03,27,14.50,2154.00,-0011.61
21,08,02,14,03,29,14.50,2465.00,-0014.74
21,08,02,14,03,31,14.50,2825.00,-0018.36
21,08,02,14,03,33,14.00,3155.50,-0021.68
21,08,02,14,03,35,14.00,3436.00,-0024.51
21,08,02,14,03,37,14.00,3616.00,-0026.32
21,08,02,14,03,39,14.00,3596.50,-0026.12
21,08,02,14,03,41,14.00,3686.00,-0027.02
21,08,02,14,03,43,13.50,3895.50,-0029.13
21,08,02,14,03,45,13.50,4012.50,-0030.31
21,08,02,14,03,47,13.50,3968.50,-0029.86
21,08,02,14,03,49,13.50,3996.50,-0030.14
21,08,02,14,03,51,13.50,4010.50,-0030.29
21,08,02,14,03,53,13.50,4004.50,-0030.23
21,08,02,14,03,55,13.00,3944.50,-0029.62
21,08,02,14,03,57,13.50,3872.00,-0028.89
21,08,02,14,03,59,13.50,3678.00,-0026.94
21,08,02,14,04,01,13.50,3453.50,-0024.68
21,08,02,14,04,03,13.50,3232.50,-0022.46
21,08,02,14,04,05,13.50,3008.00,-0020.20
21,08,02,14,04,07,13.50,2781.00,-0017.92
21,08,02,14,04,09,14.00,2549.00,-0015.58
21,08,02,14,04,11,14.00,2309.00,-0013.17
21,08,02,14,04,13,14.00,2051.00,-0010.57
21,08,02,14,04,15,14.50,1771.00,-0007.76
21,08,02,14,04,17,14.50,1456.00,-0004.59
21,08,02,14,04,19,14.50,1117.00,-0001.18
21,08,02,14,05,07,15.00,1217.00,-0002.18
21,08,02,14,05,09,15.00,1503.00,-0005.06
21,08,02,14,05,11,15.00,1796.00,-0008.01
21,08,02,14,05,13,15.00,2071.50,-0010.78
21,08,02,14,05,15,14.50,2307.50,-0013.15
21,08,02,14,05,17,14.50,2525.00,-0015.34
21,08,02,14,05,19,14.00,2682.50,-0016.93
21,08,02,14,05,21,14.00,2799.00,-0018.10
21,08,02,14,05,23,14.00,2886.00,-0018.97
21,08,02,14,05,25,14.00,3043.00,-0020.55
21,08,02,14,05,27,14.00,3338.00,-0023.52
21,08,02,14,05,29,13.50,3593.50,-0026.09
21,08,02,14,05,31,13.50,3768.50,-0027.85
21,08,02,14,05,33,13.50,4023.00,-0030.41
21,08,02,14,05,35,13.50,4307.00,-0033.27
21,08,02,14,05,37,13.00,4431.00,-0034.52
21,08,02,14,05,39,13.00,4297.50,-0033.17
21,08,02,14,05,41,13.00,4236.00,-0032.55
21,08,02,14,05,43,13.00,4060.50,-0030.79
21,08,02,14,05,45,13.00,3884.50,-0029.02
21,08,02,14,05,47,13.00,3702.50,-0027.19
21,08,02,14,05,49,13.00,3514.50,-0025.30
21,08,02,14,05,51,13.00,3314.00,-0023.28
21,08,02,14,05,53,13.50,3109.50,-0021.22
21,08,02,14,05,55,13.50,2900.00,-0019.11
21,08,02,14,05,57,13.50,2678.00,-0016.88
21,08,02,14,05,59,13.50,2452.00,-0014.61
21,08,02,14,06,01,13.50,2211.00,-0012.18
21,08,02,14,06,03,14.00,1960.50,-0009.66
21,08,02,14,06,05,14.00,1686.00,-0006.90
21,08,02,14,06,07,14.50,1382.00,-0003.84
21,08,02,14,07,47,15.00,1247.00,-0002.48
21,08,02,14,07,49,15.00,1492.00,-0004.95
21,08,02,14,07,51,15.00,1729.50,-0007.34
21,08,02,14,07,53,14.50,1976.00,-0009.82
21,08,02,14,07,55,14.50,2208.50,-0012.16
21,08,02,14,07,57,14.50,2355.50,-0013.64
21,08,02,14,07,59,14.00,2588.50,-0015.98
21,08,02,14,08,01,14.00,2772.50,-0017.83
21,08,02,14,08,03,14.00,2807.50,-0018.18
21,08,02,14,08,05,14.00,2619.50,-0016.29
21,08,02,14,08,07,14.00,2395.00,-0014.03
21,08,02,14,08,09,14.00,2136.50,-0011.43
21,08,02,14,08,11,14.00,1858.00,-0008.63
21,08,02,14,08,13,14.50,1568.00,-0005.71
21,08,02,14,08,15,14.50,1249.00,-0002.50
21,08,02,15,19,45,18.00,1383.00,-0003.85
21,08,02,15,19,47,17.00,1671.50,-0006.76
21,08,02,15,19,49,16.50,1954.50,-0009.60
21,08,02,15,19,51,16.50,2228.50,-0012.36
21,08,02,15,19,53,16.00,2509.50,-0015.19
21,08,02,15,19,55,15.50,2760.50,-0017.71
21,08,02,15,19,57,15.50,3017.50,-0020.30
21,08,02,15,19,59,15.00,3133.00,-0021.46
21,08,02,15,20,01,14.50,3064.00,-0020.76
21,08,02,15,20,03,14.50,2955.50,-0019.67
21,08,02,15,20,05,14.50,2799.50,-0018.10
21,08,02,15,20,07,14.50,2617.50,-0016.27
21,08,02,15,20,09,14.50,2433.00,-0014.42
21,08,02,15,20,11,15.00,2220.50,-0012.28
21,08,02,15,20,13,15.00,1968.00,-0009.74
21,08,02,15,20,15,15.00,1684.50,-0006.89
21,08,02,15,20,17,15.00,1368.00,-0003.70
21,08,02,15,20,51,15.50,1280.00,-0002.82
21,08,02,15,20,53,15.50,1513.50,-0005.17
21,08,02,15,20,55,15.00,1637.00,-0006.41
21,08,02,15,20,57,15.00,1763.00,-0007.68
21,08,02,15,20,59,15.00,1931.50,-0009.37
21,08,02,15,21,01,15.00,2067.00,-0010.73
21,08,02,15,21,03,15.00,2331.50,-0013.39
21,08,02,15,21,05,15.00,2495.00,-0015.04
21,08,02,15,21,07,15.00,2498.00,-0015.07
21,08,02,15,21,09,15.00,2396.50,-0014.05
21,08,02,15,21,11,15.00,2195.50,-0012.03
21,08,02,15,21,13,15.00,1951.50,-0009.57
21,08,02,15,21,15,15.00,1671.50,-0006.76
21,08,02,15,21,17,15.00,1407.00,-0004.09
21,08,02,15,22,13,15.50,1267.00,-0002.69
21,08,02,15,22,15,15.50,1566.50,-0005.70
21,08,02,15,22,17,15.50,1880.00,-0008.85
21,08,02,15,22,19,15.50,2206.50,-0012.14
21,08,02,15,22,21,15.00,2459.00,-0014.68
21,08,02,15,22,23,15.00,2553.50,-0015.63
21,08,02,15,22,25,15.00,2482.00,-0014.91
21,08,02,15,22,27,15.00,2297.50,-0013.05
21,08,02,15,22,29,15.00,2060.00,-0010.66
21,08,02,15,22,31,15.00,1803.00,-0008.08
21,08,02,15,22,33,15.00,1507.00,-0005.10
21,08,02,15,22,35,15.00,1182.00,-0001.83
21,08,02,15,24,11,15.50,1180.50,-0001.82
21,08,02,15,24,13,15.50,1422.50,-0004.25
21,08,02,15,24,15,15.50,1390.00,-0003.92
21,08,02,16,27,22,15.50,1101.00,-0001.02
21,08,02,16,27,24,15.50,1399.50,-0004.02
21,08,02,16,27,26,15.50,1538.50,-0005.42
21,08,02,16,27,28,15.00,1644.50,-0006.48
21,08,02,16,27,30,15.00,1733.00,-0007.37
21,08,02,16,27,32,15.00,1553.00,-0005.56
21,08,02,16,27,34,15.00,1392.50,-0003.95
21,08,02,16,27,36,15.00,1403.00,-0004.05
21,08,02,16,27,38,15.00,1406.50,-0004.09
21,08,02,16,27,40,15.00,1392.50,-0003.95
21,08,02,16,27,42,15.00,1457.00,-0004.60
21,08,02,16,27,44,15.00,1416.00,-0004.18
21,08,02,16,27,46,15.00,1336.50,-0003.39
21,08,02,16,27,48,15.00,1110.50,-0001.11
21,08,02,16,28,44,14.50,1226.00,-0002.27
21,08,02,16,28,46,15.00,1476.00,-0004.79
21,08,02,16,28,48,15.00,1711.50,-0007.16
21,08,02,16,28,50,14.50,1840.00,-0008.45
21,08,02,16,28,52,14.50,1709.00,-0007.13
21,08,02,16,28,54,15.00,1481.50,-0004.84
21,08,02,16,28,56,15.00,1424.00,-0004.27
21,08,02,16,28,58,15.00,1512.00,-0005.15
21,08,02,16,29,00,15.00,1483.00,-0004.86
21,08,02,16,29,02,15.00,1508.00,-0005.11
21,08,02,16,29,04,15.00,1458.00,-0004.61
21,08,02,16,29,06,15.00,1369.00,-0003.71
21,08,02,16,29,08,15.00,1293.00,-0002.95
21,08,02,16,30,02,15.00,1287.50,-0002.89
21,08,02,16,30,04,15.00,1501.00,-0005.04
21,08,02,16,30,06,15.00,1570.50,-0005.74
21,08,02,16,30,08,15.00,1445.00,-0004.48
21,08,02,16,30,10,15.00,1211.00,-0002.12
21,08,02,16,31,42,15.50,1295.50,-0002.97
21,08,02,16,31,44,15.50,1525.00,-0005.28
21,08,02,16,31,46,15.00,1655.00,-0006.59
21,08,02,16,31,48,15.00,1702.50,-0007.07
21,08,02,16,31,50,15.00,1697.00,-0007.01
21,08,02,16,31,52,15.00,1620.00,-0006.24
21,08,02,16,31,54,15.00,1635.00,-0006.39
21,08,02,16,31,56,15.00,1633.50,-0006.37
21,08,02,16,31,58,15.00,1491.00,-0004.94
21,08,02,16,32,00,15.00,1248.50,-0002.50
21,08,02,16,32,16,15.50,1262.00,-0002.64
21,08,02,16,32,18,15.00,1503.00,-0005.06
21,08,02,16,32,20,15.00,1672.00,-0006.76
21,08,02,16,32,22,15.00,1681.50,-0006.86
21,08,02,16,32,24,15.00,1684.50,-0006.89
21,08,02,16,32,26,15.00,1699.50,-0007.04
21,08,02,16,32,28,15.00,1689.00,-0006.93
21,08,02,16,32,30,15.00,1701.00,-0007.05
21,08,02,16,32,32,15.00,1574.50,-0005.78
21,08,02,16,32,34,15.00,1285.00,-0002.87
21,08,02,16,32,48,15.50,1240.00,-0002.41
21,08,02,16,32,50,15.00,1414.00,-0004.16
21,08,02,16,32,52,15.00,1331.50,-0003.33
21,08,02,16,32,54,15.00,1316.00,-0003.18
21,08,02,16,34,42,16.00,1170.50,-0001.72
21,08,02,16,34,44,15.50,1419.00,-0004.22
21,08,02,16,34,46,15.50,1617.00,-0006.21
21,08,02,16,34,48,15.50,1654.50,-0006.58
21,08,02,16,34,50,15.50,1652.00,-0006.56
21,08,02,16,34,52,15.00,1692.00,-0006.96
21,08,02,16,34,54,15.00,1729.50,-0007.34
21,08,02,16,34,56,15.00,1709.00,-0007.13
21,08,02,16,34,58,15.00,1728.00,-0007.32
21,08,02,16,35,00,15.00,1537.00,-0005.40
21,08,02,16,35,02,15.00,1234.50,-0002.36
21,08,02,20,07,31,14.50,1256.50,-0002.58
21,08,02,20,07,33,15.00,1419.50,-0004.22
21,08,02,20,07,35,15.00,1558.00,-0005.61
21,08,02,20,07,37,15.00,1752.50,-0007.57
21,08,02,20,07,39,15.00,1973.00,-0009.79
21,08,02,20,07,41,15.00,2193.00,-0012.00
21,08,02,20,07,43,14.50,2132.00,-0011.39
21,08,02,20,07,45,14.50,1898.50,-0009.04
21,08,02,20,07,47,15.00,1627.50,-0006.31
21,08,02,20,07,49,15.00,1305.00,-0003.07
21,08,02,20,09,29,14.00,1114.50,-0001.15
21,08,02,20,09,31,14.50,1384.00,-0003.86
21,08,02,20,09,33,15.00,1576.50,-0005.80
21,08,02,20,09,35,15.00,1668.50,-0006.73
21,08,02,20,09,37,15.00,1681.00,-0006.85
21,08,02,20,09,39,15.00,1578.50,-0005.82
21,08,02,20,09,41,15.00,1426.50,-0004.29
21,08,02,20,09,43,15.00,1135.50,-0001.36
21,08,03,06,20,41,16.00,1303.00,-0003.05
21,08,03,06,20,43,15.50,1480.50,-0004.83
21,08,03,06,20,45,15.50,1593.00,-0005.97
21,08,03,06,20,47,15.50,1676.50,-0006.81
21,08,03,06,20,49,15.50,1846.00,-0008.51
21,08,03,06,20,51,15.00,2083.50,-0010.90
21,08,03,06,20,53,15.00,2236.00,-0012.43
21,08,03,06,20,55,14.50,2548.50,-0015.58
21,08,03,06,20,57,14.50,2625.00,-0016.35
21,08,03,06,20,59,14.50,2574.00,-0015.83
21,08,03,06,21,01,14.00,2371.50,-0013.80
21,08,03,06,21,03,14.50,2135.00,-0011.42
21,08,03,06,21,05,14.50,1892.50,-0008.98
21,08,03,06,21,07,14.50,1596.00,-0006.00
21,08,03,06,21,09,15.00,1262.00,-0002.64
21,08,03,06,53,35,15.00,1360.00,-0003.62
21,08,03,06,53,37,15.00,1588.00,-0005.92
21,08,03,06,53,39,15.00,1709.00,-0007.13
21,08,03,06,53,41,15.00,1830.00,-0008.35
21,08,03,06,53,43,15.00,2051.50,-0010.58
21,08,03,06,53,45,15.00,2321.50,-0013.29
21,08,03,06,53,47,14.50,2633.00,-0016.43
21,08,03,06,53,49,14.50,2705.50,-0017.16
21,08,03,06,53,51,14.00,2597.50,-0016.07
21,08,03,06,53,53,14.00,2515.50,-0015.25
21,08,03,06,53,55,14.00,2432.00,-0014.41
21,08,03,06,53,57,14.00,2435.50,-0014.44
21,08,03,06,53,59,14.00,2505.50,-0015.15
21,08,03,06,54,01,14.00,2659.50,-0016.69
21,08,03,06,54,03,14.00,2772.50,-0017.83
21,08,03,06,54,05,13.50,2853.00,-0018.64
21,08,03,06,54,07,13.50,2853.50,-0018.65
21,08,03,06,54,09,13.50,2864.00,-0018.75
21,08,03,06,54,11,13.50,2894.00,-0019.05
21,08,03,06,54,13,13.50,2887.00,-0018.98
21,08,03,06,54,15,13.50,2938.00,-0019.50
21,08,03,06,54,17,13.50,2913.00,-0019.24
21,08,03,06,54,19,13.50,2920.00,-0019.32
21,08,03,06,54,21,13.50,2933.50,-0019.45
21,08,03,06,54,23,13.50,2871.00,-0018.82
21,08,03,06,54,25,13.50,2836.00,-0018.47
21,08,03,06,54,27,13.50,2764.00,-0017.75
21,08,03,06,54,29,13.50,2682.00,-0016.92
21,08,03,06,54,31,13.50,2508.00,-0015.17
21,08,03,06,54,33,14.00,2219.00,-0012.26
21,08,03,06,54,35,14.50,1981.00,-0009.87
21,08,03,06,54,37,14.50,1659.00,-0006.63
21,08,03,06,54,39,14.50,1314.50,-0003.16
21,08,03,07,40,08,15.50,1230.50,-0002.32
21,08,03,07,40,10,15.50,1508.50,-0005.12
21,08,03,07,40,12,15.50,1596.50,-0006.00
21,08,03,07,40,14,15.50,1630.00,-0006.34
21,08,03,07,40,16,15.50,1597.50,-0006.01
21,08,03,07,40,18,15.50,1596.50,-0006.00
21,08,03,07,40,20,15.50,1532.50,-0005.36
21,08,03,07,40,22,15.50,1430.00,-0004.33
21,08,03,07,40,24,15.50,1339.50,-0003.42
21,08,03,07,40,34,15.00,1345.00,-0003.47
21,08,03,07,40,36,15.00,1562.00,-0005.65
21,08,03,07,40,38,15.00,1525.50,-0005.29
21,08,03,07,40,40,15.00,1623.00,-0006.27
21,08,03,07,40,42,15.00,1689.50,-0006.94
21,08,03,07,40,44,15.00,1689.00,-0006.93
21,08,03,07,40,46,15.00,1606.00,-0006.10
21,08,03,07,40,48,15.00,1552.50,-0005.56
21,08,03,07,40,50,15.00,1401.00,-0004.03
21,08,03,07,41,12,15.00,1230.00,-0002.31
21,08,03,07,41,14,15.00,1276.50,-0002.78
21,08,03,07,41,16,15.00,1377.00,-0003.79
21,08,03,07,41,18,15.00,1457.50,-0004.60
21,08,03,07,41,20,15.00,1546.00,-0005.49
21,08,03,07,41,22,15.00,1388.00,-0003.90
21,08,03,07,41,24,15.00,1135.50,-0001.36
21,08,03,07,41,48,15.00,1205.00,-0002.06
21,08,03,07,41,50,15.00,1409.00,-0004.11
21,08,03,07,41,52,15.00,1556.00,-0005.59
21,08,03,07,41,54,15.00,1615.50,-0006.19
21,08,03,07,41,56,15.00,1562.50,-0005.66
21,08,03,07,41,58,15.00,1566.00,-0005.69
21,08,03,07,42,00,15.00,1381.00,-0003.83
21,08,03,07,42,02,15.00,1216.50,-0002.18
21,08,03,07,42,38,15.00,1225.00,-0002.26
21,08,03,07,42,40,15.00,1358.00,-0003.60
21,08,03,07,42,42,15.00,1462.00,-0004.65
21,08,03,07,42,44,15.00,1360.50,-0003.63
21,08,03,07,43,26,15.00,1286.00,-0002.88
21,08,03,07,43,28,15.00,1466.00,-0004.69
21,08,03,07,43,30,15.00,1537.50,-0005.41
21,08,03,07,43,32,15.00,1569.00,-0005.72
21,08,03,07,43,34,15.00,1409.00,-0004.11
21,08,03,07,44,20,15.00,1107.00,-0001.08
21,08,03,07,44,22,15.00,1268.50,-0002.70
21,08,03,07,44,24,15.00,1325.00,-0003.27
21,08,03,07,44,26,15.00,1205.50,-0002.07
21,08,03,07,44,54,15.00,1253.50,-0002.55
21,08,03,07,44,56,15.00,1234.50,-0002.36
21,08,03,07,44,58,15.00,1198.00,-0001.99
21,08,03,07,45,32,15.00,1125.50,-0001.26
21,08,03,07,45,34,15.00,1330.00,-0003.32
21,08,03,07,45,36,15.00,1559.50,-0005.63
21,08,03,07,45,38,15.00,1677.00,-0006.81
21,08,03,07,45,40,15.00,1643.00,-0006.47
21,08,03,07,45,42,15.00,1577.50,-0005.81
21,08,03,07,45,44,15.00,1595.50,-0005.99
21,08,03,07,45,46,15.00,1598.00,-0006.02
21,08,03,07,45,48,15.00,1470.00,-0004.73
21,08,03,07,45,50,15.00,1282.00,-0002.84
21,08,03,07,46,04,15.00,1311.50,-0003.13
21,08,03,07,46,06,15.00,1425.00,-0004.28
21,08,03,07,46,08,15.00,1454.50,-0004.57
21,08,03,07,46,10,15.00,1365.00,-0003.67
21,08,03,07,46,12,15.00,1368.00,-0003.70
21,08,03,07,47,08,15.00,1191.50,-0001.93
21,08,03,07,47,10,15.00,1294.00,-0002.96
21,08,03,07,47,12,15.00,1348.50,-0003.51
21,08,03,07,47,14,15.00,1290.50,-0002.92
21,08,03,07,47,42,15.50,1214.00,-0002.15
21,08,03,07,47,44,15.50,1346.00,-0003.48
21,08,03,07,47,46,15.50,1317.00,-0003.19
21,08,03,07,47,48,15.50,1444.00,-0004.47
21,08,03,07,47,50,15.50,1515.50,-0005.19
21,08,03,07,47,52,15.50,1498.00,-0005.01
21,08,03,07,47,54,15.00,1549.00,-0005.52
21,08,03,07,47,56,15.00,1396.50,-0003.99
21,08,03,07,47,58,15.00,1166.00,-0001.67
21,08,03,07,48,30,15.00,1223.00,-0002.24
21,08,03,07,48,32,15.00,1429.50,-0004.32
21,08,03,07,48,34,15.00,1508.00,-0005.11
21,08,03,07,48,36,15.00,1492.00,-0004.95
21,08,03,07,48,38,15.00,1539.00,-0005.42
21,08,03,07,48,40,15.00,1531.00,-0005.34
21,08,03,07,48,42,15.00,1386.50,-0003.89
21,08,03,07,50,04,15.50,1181.50,-0001.83
21,08,03,11,46,48,16.00,1139.00,-0001.40
21,08,03,11,46,50,15.50,1164.50,-0001.65
21,08,03,11,47,16,15.50,1141.00,-0001.42
21,08,03,11,47,18,15.50,1320.50,-0003.22
21,08,03,11,47,20,15.50,1468.00,-0004.71
21,08,03,11,47,22,15.00,1357.00,-0003.59
21,08,03,11,47,48,15.50,1153.00,-0001.54
21,08,03,11,47,49,15.00,1292.50,-0002.94
21,08,03,11,47,51,15.00,1589.00,-0005.93
21,08,03,11,47,53,15.00,1942.50,-0009.48
21,08,03,11,47,55,15.00,2327.50,-0013.35
21,08,03,11,47,57,15.00,2704.50,-0017.15
21,08,03,11,47,59,14.50,3087.00,-0021.00
21,08,03,11,48,01,14.00,3455.00,-0024.70
21,08,03,11,48,03,14.00,3680.00,-0026.96
21,08,03,11,48,05,14.00,3829.00,-0028.46
21,08,03,11,48,07,13.50,3915.00,-0029.32
21,08,03,11,48,09,13.50,3779.00,-0027.96
21,08,03,11,48,11,13.50,3771.00,-0027.88
21,08,03,11,48,13,13.50,3975.50,-0029.93
21,08,03,11,48,15,13.50,3877.00,-0028.94
21,08,03,11,48,17,13.50,3696.00,-0027.12
21,08,03,11,48,19,13.50,3505.50,-0025.21
21,08,03,11,48,21,13.50,3311.00,-0023.25
21,08,03,11,48,23,13.50,3104.00,-0021.17
21,08,03,11,48,25,13.50,2893.00,-0019.04
21,08,03,11,48,27,13.50,2670.00,-0016.80
21,08,03,11,48,29,14.00,2445.50,-0014.54
21,08,03,11,48,31,14.00,2216.00,-0012.23
21,08,03,11,48,33,14.50,1967.50,-0009.73
21,08,03,11,48,35,14.50,1700.00,-0007.04
21,08,03,11,48,37,14.50,1417.00,-0004.20
21,08,03,11,48,39,14.50,1109.50,-0001.10
21,08,03,14,15,57,18.00,1231.50,-0002.33
21,08,03,14,15,59,17.50,1560.50,-0005.64
21,08,03,14,16,01,16.50,1932.50,-0009.38
21,08,03,14,16,03,16.00,2089.50,-0010.96
21,08,03,14,16,05,16.00,2145.00,-0011.52
21,08,03,14,16,07,15.50,2189.50,-0011.97
21,08,03,14,16,09,15.50,2212.00,-0012.19
21,08,03,14,16,11,15.50,2109.00,-0011.16
21,08,03,14,16,13,15.00,1845.00,-0008.50
21,08,03,14,16,15,15.00,1527.00,-0005.30
21,08,03,14,16,17,15.50,1184.00,-0001.85
21,08,03,14,17,31,16.00,1192.00,-0001.93
21,08,03,14,17,33,16.00,1322.00,-0003.24
21,08,03,14,17,35,15.50,1416.00,-0004.18
21,08,03,14,17,37,15.50,1523.00,-0005.26
21,08,03,14,17,39,15.50,1648.50,-0006.52
21,08,03,14,17,41,15.50,1659.00,-0006.63
21,08,03,14,17,43,15.00,1820.00,-0008.25
21,08,03,14,17,45,15.00,1971.50,-0009.77
21,08,03,14,17,47,15.00,1961.00,-0009.67
21,08,03,14,17,49,15.00,1984.00,-0009.90
21,08,03,14,17,51,15.00,1875.50,-0008.81
21,08,03,14,17,53,15.00,1662.50,-0006.66
21,08,03,14,17,55,15.00,1348.00,-0003.50
21,08,03,14,18,09,15.50,1270.00,-0002.72
21,08,03,14,18,11,15.50,1283.50,-0002.85
21,08,03,14,18,13,15.50,1134.50,-0001.35
21,08,03,14,18,27,15.50,1157.50,-0001.58
21,08,03,14,18,29,15.50,1376.50,-0003.79
21,08,03,14,18,31,15.50,1529.00,-0005.32
21,08,03,14,18,33,15.00,1502.00,-0005.05
21,08,03,14,18,35,15.00,1168.00,-0001.69
21,08,03,14,19,01,15.50,1144.50,-0001.45
21,08,03,14,19,03,15.50,1477.50,-0004.80
21,08,03,14,19,05,15.50,1743.00,-0007.47
21,08,03,14,19,07,15.00,1941.50,-0009.47
21,08,03,14,19,09,15.00,1938.50,-0009.44
21,08,03,14,19,11,15.00,1903.00,-0009.08
21,08,03,14,19,13,15.00,1783.50,-0007.88
21,08,03,14,19,15,15.00,1639.50,-0006.43
21,08,03,14,19,17,15.00,1469.50,-0004.72
21,08,03,14,19,19,15.00,1143.00,-0001.44
21,08,03,14,23,19,16.50,1255.00,-0002.57
21,08,03,14,23,21,16.00,1498.50,-0005.01
21,08,03,14,23,23,16.00,1264.50,-0002.66
21,08,03,14,39,49,17.50,1167.00,-0001.68
21,08,03,14,39,51,17.00,1295.00,-0002.97
21,08,03,14,39,53,17.00,1289.50,-0002.91
21,08,03,14,39,55,16.50,1251.50,-0002.53
21,08,03,14,40,09,16.50,1218.00,-0002.19
21,08,03,14,40,11,16.00,1428.00,-0004.31
21,08,03,14,40,13,16.00,1260.50,-0002.62
21,08,03,14,49,56,16.50,1231.50,-0002.33
21,08,03,14,49,58,16.50,1436.50,-0004.39
21,08,03,14,50,00,16.00,1613.00,-0006.17
21,08,03,14,50,02,16.00,1766.50,-0007.71
21,08,03,14,50,04,16.00,1849.00,-0008.54
21,08,03,14,50,06,15.50,1958.00,-0009.64
21,08,03,14,50,08,15.50,2131.50,-0011.38
21,08,03,14,50,10,15.50,2342.50,-0013.51
21,08,03,14,50,12,15.50,2328.50,-0013.36
21,08,03,14,50,14,15.50,2413.00,-0014.21
21,08,03,14,50,16,15.50,2341.00,-0013.49
21,08,03,14,50,18,15.50,2126.50,-0011.33
21,08,03,14,50,20,15.50,1866.50,-0008.72
21,08,03,14,50,22,15.50,1575.50,-0005.79
21,08,03,14,50,24,15.50,1235.50,-0002.37
21,08,03,14,51,20,16.00,1256.00,-0002.58
21,08,03,14,51,22,16.00,1586.00,-0005.90
21,08,03,14,51,24,15.50,1962.50,-0009.68
21,08,03,14,51,26,15.50,2266.50,-0012.74
21,08,03,14,51,28,15.50,2386.00,-0013.94
21,08,03,14,51,30,15.50,2475.50,-0014.84
21,08,03,14,51,32,15.00,2522.50,-0015.32
21,08,03,14,51,34,15.00,2486.00,-0014.95
21,08,03,14,51,36,15.00,2365.50,-0013.74
21,08,03,14,51,38,15.00,2295.50,-0013.03
21,08,03,14,51,40,15.00,2534.00,-0015.43
21,08,03,14,51,42,15.00,2607.50,-0016.17
21,08,03,14,51,44,15.00,2409.50,-0014.18
21,08,03,14,51,46,15.00,2181.50,-0011.89
21,08,03,14,51,48,15.00,1902.50,-0009.08
21,08,03,14,51,50,15.00,1589.50,-0005.93
21,08,03,14,51,52,15.00,1248.00,-0002.49
21,08,03,14,52,12,16.00,1119.00,-0001.20
21,08,03,14,52,34,16.00,1171.50,-0001.73
21,08,03,14,52,36,16.00,1347.00,-0003.49
21,08,03,14,52,38,15.50,1198.00,-0001.99
21,08,03,14,59,19,16.00,1176.50,-0001.78
21,08,03,14,59,21,16.00,1437.50,-0004.40
21,08,03,14,59,23,15.50,1723.50,-0007.28
21,08,03,14,59,25,15.50,2043.00,-0010.49
21,08,03,14,59,27,15.50,2382.50,-0013.91
21,08,03,14,59,29,15.50,2562.50,-0015.72
21,08,03,14,59,31,15.00,2599.00,-0016.09
21,08,03,14,59,33,15.00,2535.50,-0015.45
21,08,03,14,59,35,15.00,2583.50,-0015.93
21,08,03,14,59,37,15.00,2580.50,-0015.90
21,08,03,14,59,39,15.00,2567.00,-0015.76
21,08,03,14,59,41,15.00,2539.00,-0015.48
21,08,03,14,59,43,15.00,2616.00,-0016.26
21,08,03,14,59,45,15.00,2589.00,-0015.99
21,08,03,14,59,47,15.00,2542.00,-0015.51
21,08,03,14,59,49,15.00,2536.50,-0015.46
21,08,03,14,59,51,15.00,2387.00,-0013.95
21,08,03,14,59,53,15.00,2078.50,-0010.85
21,08,03,14,59,55,15.00,1763.00,-0007.68
21,08,03,14,59,57,15.00,1465.00,-0004.68
21,08,03,15,00,17,15.50,1226.00,-0002.27
21,08,03,15,00,19,15.50,1563.50,-0005.67
21,08,03,15,00,21,15.50,1907.50,-0009.13
21,08,03,15,00,23,15.50,2244.50,-0012.52
21,08,03,15,00,25,15.00,2572.00,-0015.81
21,08,03,15,00,27,15.00,2773.00,-0017.84
21,08,03,15,00,29,15.00,2724.00,-0017.34
21,08,03,15,00,31,14.50,2816.50,-0018.27
21,08,03,15,00,33,14.50,2874.00,-0018.85
21,08,03,15,00,35,14.50,2837.00,-0018.48
21,08,03,15,00,37,14.50,2845.00,-0018.56
21,08,03,15,00,39,14.50,2808.00,-0018.19
21,08,03,15,00,41,14.50,2865.50,-0018.77
21,08,03,15,00,43,14.50,2640.50,-0016.50
21,08,03,15,00,45,14.50,2392.50,-0014.01
21,08,03,15,00,47,15.00,2127.50,-0011.34
21,08,03,15,00,49,15.00,1833.50,-0008.39
21,08,03,15,00,51,15.00,1508.50,-0005.12
21,08,03,15,00,53,15.50,1165.00,-0001.66
21,08,03,15,01,57,16.00,1174.00,-0001.75
21,08,03,15,01,59,16.00,1469.00,-0004.72
21,08,03,15,02,01,15.50,1773.50,-0007.78
21,08,03,15,02,03,15.50,2096.00,-0011.03
21,08,03,15,02,05,15.50,2430.00,-0014.39
21,08,03,15,02,07,15.00,2784.00,-0017.95
21,08,03,15,02,09,15.00,3059.50,-0020.72
21,08,03,15,02,11,14.50,3079.00,-0020.91
21,08,03,15,02,13,14.50,2889.00,-0019.00
21,08,03,15,02,15,14.50,2656.00,-0016.66
21,08,03,15,02,17,15.00,2407.00,-0014.15
21,08,03,15,02,19,15.00,2150.50,-0011.57
21,08,03,15,02,21,15.00,1865.00,-0008.70
21,08,03,15,02,23,15.00,1572.50,-0005.76
21,08,03,15,02,25,15.00,1247.50,-0002.49
21,08,03,16,24,57,15.50,1173.00,-0001.74
21,08,03,16,24,59,15.50,1365.00,-0003.67
21,08,03,16,25,01,15.50,1519.50,-0005.23
21,08,03,16,25,03,15.50,1441.00,-0004.44
21,08,03,16,25,05,15.50,1109.50,-0001.10
21,08,03,16,26,09,15.50,1227.50,-0002.29
21,08,03,16,26,11,15.50,1549.50,-0005.53
21,08,03,16,26,13,15.00,1919.00,-0009.25
21,08,03,16,26,15,15.00,2301.50,-0013.09
21,08,03,16,26,17,15.00,2681.50,-0016.92
21,08,03,16,26,19,14.50,2967.50,-0019.79
21,08,03,16,26,21,14.50,3161.50,-0021.74
21,08,03,16,26,23,14.00,3297.50,-0023.11
21,08,03,16,26,25,14.00,3424.00,-0024.39
21,08,03,16,26,27,14.00,3563.00,-0025.78
21,08,03,16,26,29,14.00,3597.50,-0026.13
21,08,03,16,26,31,13.50,3661.50,-0026.77
21,08,03,16,26,33,13.50,3719.00,-0027.35
21,08,03,16,26,35,13.50,3785.00,-0028.02
21,08,03,16,26,37,13.50,3769.50,-0027.86
21,08,03,16,26,39,13.50,3616.00,-0026.32
21,08,03,16,26,41,13.50,3395.00,-0024.09
21,08,03,16,26,43,13.50,3214.50,-0022.28
21,08,03,16,26,45,13.50,3009.00,-0020.21
21,08,03,16,26,47,13.50,2786.00,-0017.97
21,08,03,16,26,49,14.00,2544.00,-0015.53
21,08,03,16,26,51,14.00,2288.50,-0012.96
21,08,03,16,26,53,14.50,2012.50,-0010.19
21,08,03,16,26,55,14.50,1716.00,-0007.20
21,08,03,16,26,57,14.50,1399.50,-0004.02
21,08,03,16,28,13,15.50,1161.00,-0001.62
21,08,03,16,28,15,15.50,1452.50,-0004.55
21,08,03,16,28,17,15.50,1737.50,-0007.42
21,08,03,16,28,19,15.00,1990.00,-0009.96
21,08,03,16,28,21,15.00,2190.00,-0011.97
21,08,03,16,28,23,15.00,2346.00,-0013.54
21,08,03,16,28,25,15.00,2520.00,-0015.29
21,08,03,16,28,27,15.00,2548.50,-0015.58
21,08,03,16,28,29,15.00,2513.50,-0015.23
21,08,03,16,28,31,15.00,2355.50,-0013.64
21,08,03,16,28,33,15.00,2142.00,-0011.49
21,08,03,16,28,35,15.00,1860.00,-0008.65
21,08,03,16,28,37,15.00,1557.50,-0005.61
21,08,03,16,28,39,15.00,1228.50,-0002.30
21,08,03,16,29,18,15.50,1220.50,-0002.22
21,08,03,16,29,20,15.50,1441.50,-0004.44
21,08,03,16,29,22,15.50,1592.00,-0005.96
21,08,03,16,29,24,15.00,1758.50,-0007.63
21,08,03,16,29,26,15.00,1952.00,-0009.58
21,08,03,16,29,28,15.00,2127.50,-0011.34
21,08,03,16,29,30,15.00,2228.00,-0012.35
21,08,03,16,29,32,15.00,2212.50,-0012.20
21,08,03,16,29,34,15.00,2026.50,-0010.33
21,08,03,16,29,36,15.00,1798.00,-0008.03
21,08,03,16,29,38,15.00,1518.00,-0005.21
21,08,03,16,29,40,15.00,1200.00,-0002.01
21,08,03,16,30,18,15.50,1226.50,-0002.28
21,08,03,16,30,20,15.50,1533.50,-0005.37
21,08,03,16,30,22,15.50,1834.00,-0008.39
21,08,03,16,30,24,15.00,2092.50,-0010.99
21,08,03,16,30,26,15.00,2208.50,-0012.16
21,08,03,16,30,28,15.00,2136.00,-0011.43
21,08,03,16,30,30,15.00,2084.00,-0010.91
21,08,03,16,30,32,15.00,2126.50,-0011.33
21,08,03,16,30,34,15.00,2165.00,-0011.72
21,08,03,16,30,36,15.00,2178.00,-0011.85
21,08,03,16,30,38,15.00,1969.50,-0009.75
21,08,03,16,30,40,15.00,1687.00,-0006.91
21,08,03,16,30,42,15.00,1372.50,-0003.75
21,08,03,16,31,18,15.50,1295.00,-0002.97
21,08,03,16,31,20,15.50,1523.50,-0005.27
21,08,03,16,31,22,15.50,1748.50,-0007.53
21,08,03,16,31,24,15.00,1960.00,-0009.66
21,08,03,16,31,26,15.00,2136.00,-0011.43
21,08,03,16,31,28,15.00,2053.00,-0010.59
21,08,03,16,31,30,15.00,1910.00,-0009.15
21,08,03,16,31,32,15.00,1643.00,-0006.47
21,08,03,16,31,34,15.00,1319.00,-0003.21
21,08,03,16,33,42,15.50,1222.00,-0002.23
21,08,03,16,33,44,15.50,1509.00,-0005.12
21,08,03,16,33,46,15.50,1786.50,-0007.91
21,08,03,16,33,48,15.00,2080.00,-0010.86
21,08,03,16,33,50,15.00,2393.00,-0014.01
21,08,03,16,33,52,15.00,2687.00,-0016.97
21,08,03,16,33,54,14.50,2759.00,-0017.70
21,08,03,16,33,55,14.50,2669.50,-0016.80
21,08,03,16,33,57,14.50,2448.50,-0014.57
21,08,03,16,33,59,14.50,2211.50,-0012.19
21,08,03,16,34,01,14.50,1939.50,-0009.45
21,08,03,16,34,03,15.00,1633.50,-0006.37
21,08,03,16,34,05,15.00,1308.50,-0003.10
21,08,03,16,36,38,15.50,1135.50,-0001.36
21,08,03,16,41,47,16.00,1219.00,-0002.20
21,08,03,16,41,49,16.00,1449.50,-0004.52
21,08,03,16,41,51,15.50,1755.50,-0007.60
21,08,03,16,41,53,15.50,2053.50,-0010.60
21,08,03,16,41,55,15.50,2425.00,-0014.34
21,08,03,16,41,57,15.00,2798.50,-0018.09
21,08,03,16,41,59,15.00,3152.00,-0021.65
21,08,03,16,42,01,14.50,3224.00,-0022.37
21,08,03,16,42,03,14.50,3071.00,-0020.83
21,08,03,16,42,05,14.50,2911.50,-0019.23
21,08,03,16,42,07,14.50,2710.00,-0017.20
21,08,03,16,42,09,14.50,2496.50,-0015.05
21,08,03,16,42,11,14.50,2260.50,-0012.68
21,08,03,16,42,13,14.50,2005.50,-0010.12
21,08,03,16,42,15,14.50,1735.00,-0007.39
21,08,03,16,42,17,15.00,1452.50,-0004.55
21,08,03,16,42,19,15.00,1149.00,-0001.50
21,08,03,17,28,38,16.50,1235.00,-0002.36
21,08,03,17,28,40,16.00,1519.50,-0005.23
21,08,03,17,28,42,16.00,1687.50,-0006.92
21,08,03,17,28,44,15.50,1755.00,-0007.60
21,08,03,17,28,46,15.50,1700.50,-0007.05
21,08,03,17,28,48,15.50,1871.50,-0008.77
21,08,03,17,28,50,15.00,2033.00,-0010.39
21,08,03,17,28,52,15.00,1891.50,-0008.97
21,08,03,17,28,54,15.00,1818.00,-0008.23
21,08,03,17,28,56,15.00,1648.00,-0006.52
21,08,03,17,28,58,15.00,1620.00,-0006.24
21,08,03,17,29,00,15.00,1633.00,-0006.37
21,08,03,17,29,02,15.00,1355.50,-0003.58
21,08,03,17,29,24,15.50,1237.50,-0002.39
21,08,03,17,29,26,15.50,1436.50,-0004.39
21,08,03,17,29,28,15.50,1593.50,-0005.97
21,08,03,17,29,30,15.00,1780.50,-0007.85
21,08,03,17,29,32,15.00,1959.00,-0009.65
21,08,03,17,29,34,15.00,2030.00,-0010.36
21,08,03,17,29,35,15.00,2019.00,-0010.25
21,08,03,17,29,37,15.00,2046.00,-0010.52
21,08,03,17,29,39,15.00,2028.00,-0010.34
21,08,03,17,29,41,15.00,1870.00,-0008.75
21,08,03,17,29,43,15.00,1611.50,-0006.15
21,08,03,17,29,45,15.00,1292.50,-0002.94
21,08,03,17,30,29,16.00,1124.50,-0001.25
21,08,03,17,30,31,15.50,1489.00,-0004.92
21,08,03,17,30,33,15.50,1912.00,-0009.17
21,08,03,17,30,35,15.00,2231.00,-0012.38
21,08,03,17,30,37,15.00,2514.00,-0015.23
21,08,03,17,30,39,14.50,2700.50,-0017.11
21,08,03,17,30,41,14.50,2666.00,-0016.76
21,08,03,17,30,43,14.50,2537.00,-0015.46
21,08,03,17,30,45,14.50,2338.00,-0013.46
21,08,03,17,30,47,14.50,2095.50,-0011.02
21,08,03,17,30,49,14.50,1813.00,-0008.18
21,08,03,17,30,51,14.50,1499.00,-0005.02
21,08,03,17,30,53,15.00,1146.50,-0001.47
21,08,03,17,31,11,15.50,1244.00,-0002.45
21,08,03,17,31,13,15.50,1593.50,-0005.97
21,08,03,17,31,15,15.00,1877.50,-0008.83
21,08,03,17,31,17,15.00,2178.00,-0011.85
21,08,03,17,31,19,14.50,2468.50,-0014.77
21,08,03,17,31,21,14.50,2398.50,-0014.07
21,08,03,17,31,23,14.50,2175.00,-0011.82
21,08,03,17,31,25,14.50,1900.00,-0009.05
21,08,03,17,31,27,14.50,1607.50,-0006.11
21,08,03,17,31,29,15.00,1285.00,-0002.87
21,08,03,17,36,18,16.50,1267.00,-0002.69
21,08,03,17,36,20,16.00,1289.50,-0002.91
21,08,03,17,39,08,16.00,1331.00,-0003.33
21,08,03,17,39,10,16.00,1561.50,-0005.65
21,08,03,17,39,12,15.50,1727.00,-0007.31
21,08,03,17,39,14,15.50,1900.50,-0009.06
21,08,03,17,39,16,15.00,2013.50,-0010.20
21,08,03,17,39,18,15.00,1978.00,-0009.84
21,08,03,17,39,20,15.00,1796.00,-0008.01
21,08,03,17,39,22,15.00,1671.50,-0006.76
21,08,03,17,39,24,15.00,1392.50,-0003.95
21,08,03,17,40,05,16.00,1350.50,-0003.53
21,08,03,17,40,07,15.50,1575.00,-0005.78
21,08,03,17,40,09,15.50,1582.00,-0005.85
21,08,03,17,40,11,15.50,1492.00,-0004.95
21,08,03,17,40,13,15.50,1191.50,-0001.93
21,08,03,17,44,49,16.00,1157.50,-0001.58
21,08,03,17,44,51,16.00,1419.00,-0004.22
21,08,03,17,44,53,15.50,1555.50,-0005.59
21,08,03,17,44,55,15.50,1348.00,-0003.50
21,08,03,17,49,16,16.00,1190.00,-0001.91
21,08,03,17,49,18,16.00,1426.00,-0004.29
21,08,03,17,49,20,16.00,1551.50,-0005.55
21,08,03,17,49,22,15.50,1796.00,-0008.01
21,08,03,17,49,24,15.50,2072.00,-0010.78
21,08,03,17,49,26,15.00,2405.00,-0014.13
21,08,03,17,49,28,15.00,2597.00,-0016.07
21,08,03,17,49,30,14.50,2467.50,-0014.76
21,08,03,17,49,32,14.50,2351.00,-0013.59
21,08,03,17,49,34,14.50,2300.00,-0013.08
21,08,03,17,49,36,14.50,2215.50,-0012.23
21,08,03,17,49,38,14.50,2219.00,-0012.26
21,08,03,17,49,40,14.50,1944.00,-0009.50
21,08,03,17,49,42,15.00,1646.00,-0006.50
21,08,03,17,49,44,15.00,1316.00,-0003.18
21,08,03,17,50,20,15.50,1250.00,-0002.52
21,08,03,17,50,22,15.50,1537.50,-0005.41
21,08,03,17,50,24,15.50,1863.00,-0008.68
21,08,03,17,50,26,15.00,2100.00,-0011.07
21,08,03,17,50,28,15.00,2203.00,-0012.10
21,08,03,17,50,30,15.00,2384.00,-0013.92
21,08,03,17,50,32,14.50,2541.00,-0015.50
21,08,03,17,50,34,14.50,2726.50,-0017.37
21,08,03,17,50,36,14.50,2926.00,-0019.38
21,08,03,17,50,38,14.50,2987.00,-0019.99
21,08,03,17,50,40,14.00,2762.50,-0017.73
21,08,03,17,50,42,14.00,2509.00,-0015.18
21,08,03,17,50,44,14.50,2232.50,-0012.40
21,08,03,17,50,46,14.50,1942.00,-0009.48
21,08,03,17,50,48,14.50,1649.00,-0006.53
21,08,03,17,50,50,15.00,1325.50,-0003.27
21,08,03,17,57,27,16.00,1246.00,-0002.47
21,08,03,17,57,29,16.00,1525.50,-0005.29
21,08,03,17,57,31,15.50,1823.00,-0008.28
21,08,03,17,57,33,15.50,1989.50,-0009.95
21,08,03,17,57,35,15.00,1882.50,-0008.88
21,08,03,17,57,37,15.00,1651.50,-0006.55
21,08,03,17,57,39,15.00,1347.00,-0003.49
21,08,03,18,16,10,16.50,1106.50,-0001.07
21,08,03,18,16,12,16.00,1400.50,-0004.03
21,08,03,18,16,14,16.00,1736.50,-0007.41
21,08,03,18,16,16,15.50,2056.50,-0010.63
21,08,03,18,16,18,15.50,2152.00,-0011.59
21,08,03,18,16,20,15.00,2031.00,-0010.37
21,08,03,18,16,22,15.00,1849.50,-0008.55
21,08,03,18,16,24,15.00,1575.00,-0005.78
21,08,03,18,16,26,15.50,1255.00,-0002.57
21,08,03,18,27,58,16.00,1117.50,-0001.18
21,08,03,18,28,00,15.50,1371.50,-0003.74
21,08,03,18,28,02,15.50,1639.00,-0006.43
21,08,03,18,28,04,15.50,1838.50,-0008.44
21,08,03,18,28,06,15.50,1980.00,-0009.86
21,08,03,18,28,08,15.00,2024.00,-0010.30
21,08,03,18,28,10,15.00,1837.50,-0008.43
21,08,03,18,28,12,15.00,1565.50,-0005.69
21,08,03,18,28,14,15.00,1238.50,-0002.40
21,08,03,18,45,16,16.00,1186.00,-0001.87
21,08,03,18,45,18,16.00,1418.50,-0004.21
21,08,03,18,45,20,16.00,1493.00,-0004.96
21,08,03,18,45,22,15.50,1444.00,-0004.47
21,08,03,18,45,24,15.50,1473.50,-0004.76
21,08,03,18,45,26,15.50,1458.50,-0004.61
21,08,03,18,45,28,15.50,1628.00,-0006.32
21,08,03,18,45,30,15.50,1567.00,-0005.70
21,08,03,18,45,32,15.50,1278.00,-0002.80
21,08,03,18,46,40,16.00,1101.00,-0001.02
21,08,03,18,46,42,16.00,1404.00,-0004.06
21,08,03,18,46,44,15.50,1760.50,-0007.65
21,08,03,18,46,46,15.50,2143.00,-0011.50
21,08,03,18,46,48,15.00,2214.00,-0012.21
21,08,03,18,46,50,15.00,2059.00,-0010.65
21,08,03,18,46,52,15.00,2086.50,-0010.93
21,08,03,18,46,54,15.00,1921.00,-0009.27
21,08,03,18,46,56,15.00,1690.50,-0006.95
21,08,03,18,46,58,15.00,1439.50,-0004.42
21,08,03,18,47,00,15.50,1120.50,-0001.21
21,08,03,18,50,08,16.00,1189.50,-0001.91
21,08,03,18,50,10,16.00,1392.00,-0003.94
21,08,03,18,50,12,16.00,1632.50,-0006.36
21,08,03,18,50,14,15.50,1825.50,-0008.30
21,08,03,18,50,16,15.50,1794.50,-0007.99
21,08,03,18,50,18,15.00,1816.50,-0008.21
21,08,03,18,50,20,15.00,1789.00,-0007.94
21,08,03,18,50,22,15.00,1750.00,-0007.55
21,08,03,18,50,24,15.00,1760.00,-0007.65
21,08,03,18,50,26,15.00,1681.00,-0006.85
21,08,03,18,50,28,15.00,1638.50,-0006.42
21,08,03,18,50,30,15.00,1594.50,-0005.98
21,08,03,18,50,32,15.00,1395.00,-0003.97
21,08,03,18,50,44,15.50,1251.00,-0002.53
21,08,03,18,50,46,15.50,1309.50,-0003.11
21,08,03,18,50,48,15.50,1260.50,-0002.62
21,08,03,18,50,50,15.50,1172.50,-0001.74
21,08,03,18,50,52,15.50,1146.50,-0001.47
21,08,03,18,51,02,15.50,1118.50,-0001.19
21,08,03,18,51,04,15.50,1191.50,-0001.93
21,08,03,18,51,06,15.50,1496.00,-0004.99
21,08,03,18,51,08,15.50,1550.50,-0005.54
21,08,03,18,51,10,15.50,1336.50,-0003.39
21,08,03,18,53,03,16.50,1104.50,-0001.05
21,08,03,18,53,05,16.00,1322.00,-0003.24
21,08,03,18,53,07,16.00,1567.50,-0005.71
21,08,03,18,53,09,15.50,1874.50,-0008.80
21,08,03,18,53,11,15.50,2124.00,-0011.31
21,08,03,18,53,13,15.00,2191.00,-0011.98
21,08,03,18,53,15,15.00,2390.50,-0013.99
21,08,03,18,53,17,15.00,2366.00,-0013.74
21,08,03,18,53,19,14.50,2110.50,-0011.17
21,08,03,18,53,21,15.00,1833.00,-0008.38
21,08,03,18,53,23,15.00,1543.00,-0005.46
21,08,03,18,53,25,15.00,1226.50,-0002.28
21,08,03,18,55,17,16.00,1225.00,-0002.26
21,08,03,18,55,19,16.00,1406.00,-0004.08
21,08,03,18,55,21,16.00,1561.00,-0005.64
21,08,03,18,55,23,15.50,1715.50,-0007.20
21,08,03,18,55,25,15.50,1657.50,-0006.61
21,08,03,18,55,27,15.50,1367.00,-0003.69
21,08,03,19,08,11,16.00,1219.50,-0002.21
21,08,03,19,08,13,16.00,1524.50,-0005.28
21,08,03,19,08,15,15.50,1822.00,-0008.27
21,08,03,19,08,17,15.50,2034.00,-0010.40
21,08,03,19,08,19,15.00,2147.50,-0011.54
21,08,03,19,08,21,15.00,2179.00,-0011.86
21,08,03,19,08,23,14.50,2143.50,-0011.50
21,08,03,19,08,25,14.50,2123.50,-0011.30
21,08,03,19,08,27,14.50,1946.50,-0009.52
21,08,03,19,08,29,15.00,1639.50,-0006.43
21,08,03,19,08,31,15.00,1319.00,-0003.21
21,08,03,19,13,11,17.00,1414.50,-0004.17
21,08,03,19,13,13,16.50,1564.00,-0005.67
21,08,03,19,13,15,16.00,1743.00,-0007.47
21,08,03,19,13,17,16.00,2002.50,-0010.09
21,08,03,19,13,19,15.50,2252.50,-0012.60
21,08,03,19,13,21,15.00,2592.00,-0016.02
21,08,03,19,13,23,14.50,2895.00,-0019.06
21,08,03,19,13,25,14.00,3142.50,-0021.55
21,08,03,19,13,27,14.00,3223.50,-0022.37
21,08,03,19,13,29,13.50,3124.00,-0021.37
21,08,03,19,13,31,13.50,2932.50,-0019.44
21,08,03,19,13,33,13.50,2732.50,-0017.43
21,08,03,19,13,35,13.50,2504.00,-0015.13
21,08,03,19,13,37,13.50,2259.00,-0012.67
21,08,03,19,13,39,14.00,2012.50,-0010.19
21,08,03,19,13,41,14.50,1749.50,-0007.54
21,08,03,19,13,43,14.50,1460.50,-0004.63
21,08,03,19,13,45,15.00,1142.50,-0001.43
