year,month,day,hour,minute,second,var1,pressure,depth
21,07,19,09,12,34,20.50,1266.00,-0002.68
21,07,19,09,12,36,19.50,1594.00,-0005.98
21,07,19,09,12,38,18.00,1947.00,-0009.53
21,07,19,09,12,40,17.00,2284.50,-0012.92
21,07,19,09,12,42,16.00,2535.50,-0015.45
21,07,19,09,12,44,15.50,2835.50,-0018.47
21,07,19,09,12,46,15.00,2948.50,-0019.60
21,07,19,09,12,48,14.50,2890.00,-0019.01
21,07,19,09,12,50,14.50,2747.50,-0017.58
21,07,19,09,12,52,14.50,2591.50,-0016.01
21,07,19,09,12,54,14.50,2418.00,-0014.27
21,07,19,09,12,56,14.50,2167.00,-0011.74
21,07,19,09,12,58,15.00,1862.50,-0008.68
21,07,19,09,13,00,15.50,1535.00,-0005.38
21,07,19,09,13,02,16.50,1177.50,-0001.79
21,07,19,09,40,16,20.00,1185.00,-0001.86
21,07,19,09,40,18,19.00,1583.50,-0005.87
21,07,19,09,40,20,17.50,1975.00,-0009.81
21,07,19,09,40,22,16.50,2179.00,-0011.86
21,07,19,09,40,24,16.00,2057.00,-0010.63
21,07,19,09,40,26,16.00,1985.50,-0009.91
21,07,19,09,40,28,15.50,2150.50,-0011.57
21,07,19,09,40,30,15.00,2288.00,-0012.96
21,07,19,09,40,32,15.00,2278.00,-0012.86
21,07,19,09,40,34,14.50,2404.50,-0014.13
21,07,19,09,40,36,14.50,2214.50,-0012.22
21,07,19,09,40,38,14.50,1929.50,-0009.35
21,07,19,09,40,40,15.50,1613.00,-0006.17
21,07,19,09,40,42,16.50,1260.50,-0002.62
21,07,19,09,47,31,18.50,1421.50,-0004.24
21,07,19,09,47,33,17.50,1803.50,-0008.08
21,07,19,09,47,35,16.50,2130.00,-0011.37
21,07,19,09,47,37,15.50,2292.50,-0013.00
21,07,19,09,47,39,15.00,2607.00,-0016.17
21,07,19,09,47,41,14.50,2791.50,-0018.02
21,07,19,09,47,43,14.50,2971.00,-0019.83
21,07,19,09,47,45,14.00,3013.00,-0020.25
21,07,19,09,47,47,14.00,2848.00,-0018.59
21,07,19,09,47,49,14.00,2573.00,-0015.82
21,07,19,09,47,51,14.00,2266.50,-0012.74
21,07,19,09,47,53,14.50,1946.00,-0009.52
21,07,19,09,47,55,15.00,1606.00,-0006.10
21,07,19,09,47,57,16.00,1245.00,-0002.46
21,07,19,09,49,09,18.50,1423.00,-0004.26
21,07,19,09,49,11,17.50,1802.00,-0008.07
21,07,19,09,49,13,16.50,2159.50,-0011.66
21,07,19,09,49,15,15.50,2483.50,-0014.92
21,07,19,09,49,17,15.00,2685.50,-0016.96
21,07,19,09,49,19,14.50,2548.00,-0015.57
21,07,19,09,49,21,14.50,2291.50,-0012.99
21,07,19,09,49,23,14.50,2032.00,-0010.38
21,07,19,09,49,25,15.00,1759.50,-0007.64
21,07,19,09,49,27,16.00,1418.00,-0004.21
21,07,19,09,50,45,18.50,1251.50,-0002.53
21,07,19,09,50,47,18.00,1675.50,-0006.80
21,07,19,09,50,49,16.50,2119.50,-0011.26
21,07,19,09,50,51,15.50,2532.00,-0015.41
21,07,19,09,50,53,15.00,2514.50,-0015.24
21,07,19,09,50,55,15.00,2223.00,-0012.30
21,07,19,09,50,57,15.00,1899.50,-0009.05
21,07,19,09,50,59,16.00,1564.50,-0005.68
21,07,19,09,51,01,17.00,1207.00,-0002.08
21,07,19,10,13,43,20.00,1241.50,-0002.43
21,07,19,10,13,45,18.50,1610.00,-0006.14
21,07,19,10,13,47,17.50,1978.00,-0009.84
21,07,19,10,13,49,16.00,2334.50,-0013.43
21,07,19,10,13,51,15.00,2680.50,-0016.91
21,07,19,10,13,53,14.50,2999.00,-0020.11
21,07,19,10,13,55,14.50,3271.00,-0022.85
21,07,19,10,13,57,14.00,3358.00,-0023.72
21,07,19,10,13,59,14.00,3171.00,-0021.84
21,07,19,10,14,01,13.50,2983.00,-0019.95
21,07,19,10,14,03,13.50,2805.50,-0018.16
21,07,19,10,14,05,13.50,2582.50,-0015.92
21,07,19,10,14,07,13.50,2324.50,-0013.32
21,07,19,10,14,09,14.00,2011.50,-0010.18
21,07,19,10,14,11,14.50,1679.00,-0006.83
21,07,19,10,14,13,15.50,1316.50,-0003.18
21,07,19,10,17,07,19.00,1201.00,-0002.02
21,07,19,10,17,09,19.00,1380.50,-0003.83
21,07,19,10,17,11,18.00,1496.00,-0004.99
21,07,19,10,17,13,17.50,1610.00,-0006.14
21,07,19,10,17,15,17.00,1653.00,-0006.57
21,07,19,10,17,17,17.00,1627.50,-0006.31
21,07,19,10,17,19,17.00,1405.50,-0004.08
21,07,19,10,24,57,19.50,1285.00,-0002.87
21,07,19,10,24,59,18.50,1638.00,-0006.42
21,07,19,10,25,01,17.00,1998.50,-0010.04
21,07,19,10,25,03,16.00,2392.00,-0014.00
21,07,19,10,25,05,15.00,2768.00,-0017.79
21,07,19,10,25,07,14.50,3141.50,-0021.54
21,07,19,10,25,09,14.00,3471.50,-0024.86
21,07,19,10,25,11,14.00,3795.00,-0028.12
21,07,19,10,25,13,13.50,4070.00,-0030.88
21,07,19,10,25,15,13.50,4091.00,-0031.10
21,07,19,10,25,17,13.00,4197.00,-0032.16
21,07,19,10,25,19,13.00,4236.00,-0032.55
21,07,19,10,25,21,13.00,4380.50,-0034.01
21,07,19,10,25,23,13.00,4419.50,-0034.40
21,07,19,10,25,25,13.00,4366.50,-0033.87
21,07,19,10,25,27,13.00,4460.50,-0034.81
21,07,19,10,25,29,12.50,4201.50,-0032.21
21,07,19,10,25,31,13.00,3962.00,-0029.80
21,07,19,10,25,33,13.00,3729.00,-0027.45
21,07,19,10,25,35,13.00,3519.00,-0025.34
21,07,19,10,25,37,13.00,3298.00,-0023.12
21,07,19,10,25,39,13.00,3064.50,-0020.77
21,07,19,10,25,41,13.00,2820.00,-0018.31
21,07,19,10,25,43,13.00,2567.50,-0015.77
21,07,19,10,25,45,13.00,2304.50,-0013.12
21,07,19,10,25,47,13.50,2029.50,-0010.36
21,07,19,10,25,49,14.50,1740.00,-0007.44
21,07,19,10,25,51,15.00,1432.00,-0004.35
21,07,19,10,25,53,16.50,1104.00,-0001.05
21,07,19,12,34,27,21.50,1398.50,-0004.01
21,07,19,12,34,29,19.50,1724.50,-0007.29
21,07,19,12,34,31,18.00,2027.00,-0010.33
21,07,19,12,34,33,17.00,2312.50,-0013.20
21,07,19,12,34,35,16.00,2365.00,-0013.73
21,07,19,12,34,37,15.50,2146.50,-0011.53
21,07,19,12,34,39,16.00,1901.50,-0009.07
21,07,19,12,34,41,16.00,1652.50,-0006.56
21,07,19,12,34,43,16.50,1331.00,-0003.33
21,07,19,12,37,32,20.00,1197.50,-0001.99
21,07,19,12,37,34,18.50,1567.50,-0005.71
21,07,19,12,37,36,17.50,1940.00,-0009.46
21,07,19,12,37,38,16.00,2300.50,-0013.08
21,07,19,12,37,40,15.00,2563.50,-0015.73
21,07,19,12,37,42,14.50,2710.50,-0017.21
21,07,19,12,37,44,14.50,2852.50,-0018.64
21,07,19,12,37,46,14.00,3109.50,-0021.22
21,07,19,12,37,48,14.00,3296.00,-0023.10
21,07,19,12,37,50,13.50,3450.50,-0024.65
21,07,19,12,37,52,13.50,3464.00,-0024.79
21,07,19,12,37,54,13.50,3643.50,-0026.59
21,07,19,12,37,56,13.50,3760.50,-0027.77
21,07,19,12,37,58,13.50,3694.00,-0027.10
21,07,19,12,38,00,13.50,3393.50,-0024.08
21,07,19,12,38,02,13.50,3115.00,-0021.28
21,07,19,12,38,04,13.00,2840.50,-0018.52
21,07,19,12,38,06,13.00,2578.00,-0015.87
21,07,19,12,38,08,13.50,2304.50,-0013.12
21,07,19,12,38,10,13.50,2021.00,-0010.27
21,07,19,12,38,12,14.50,1722.00,-0007.26
21,07,19,12,38,14,15.00,1406.00,-0004.08
21,07,19,12,39,12,20.00,1163.50,-0001.64
21,07,19,12,39,14,19.00,1378.00,-0003.80
21,07,19,12,39,16,18.00,1484.00,-0004.87
21,07,19,12,39,18,17.50,1242.00,-0002.43
21,07,19,13,19,15,20.00,1117.50,-0001.18
21,07,19,15,03,50,25.50,1149.50,-0001.50
21,07,19,16,06,03,20.00,1373.50,-0003.76
21,07,19,16,06,05,18.50,1712.00,-0007.16
21,07,19,16,06,07,17.00,2018.00,-0010.24
21,07,19,16,06,09,16.00,2314.00,-0013.22
21,07,19,16,06,11,15.50,2362.50,-0013.71
21,07,19,16,06,13,15.00,2672.00,-0016.82
21,07,19,16,06,15,14.50,2976.50,-0019.88
21,07,19,16,06,17,14.00,3097.00,-0021.10
21,07,19,16,06,19,14.00,3137.50,-0021.50
21,07,19,16,06,21,14.00,2925.50,-0019.37
21,07,19,16,06,23,14.00,2685.00,-0016.95
21,07,19,16,06,25,14.00,2578.50,-0015.88
21,07,19,16,06,27,14.00,2521.00,-0015.30
21,07,19,16,06,29,14.00,2335.50,-0013.44
21,07,19,16,06,31,14.00,2057.50,-0010.64
21,07,19,16,06,33,14.50,1755.00,-0007.60
21,07,19,16,06,35,15.00,1426.50,-0004.29
21,07,19,16,17,14,21.00,1118.00,-0001.19
21,07,19,16,17,16,20.00,1406.00,-0004.08
21,07,19,16,17,18,18.50,1701.00,-0007.05
21,07,19,16,17,20,18.00,1766.50,-0007.71
21,07,19,16,17,22,17.00,1949.50,-0009.55
21,07,19,16,17,24,16.00,2227.50,-0012.35
21,07,19,16,17,26,15.50,2356.00,-0013.64
21,07,19,16,17,28,15.00,2438.50,-0014.47
21,07,19,16,17,30,14.50,2414.00,-0014.22
21,07,19,16,17,32,14.50,2318.50,-0013.26
21,07,19,16,17,34,14.50,2209.50,-0012.17
21,07,19,16,17,36,14.50,2045.00,-0010.51
21,07,19,16,17,38,15.00,1789.00,-0007.94
21,07,19,16,17,40,15.50,1461.00,-0004.64
21,07,19,16,59,54,22.00,1136.50,-0001.37
21,07,19,16,59,56,20.50,1411.50,-0004.14
21,07,19,16,59,58,19.50,1722.00,-0007.26
21,07,19,17,00,00,18.50,1730.00,-0007.34
21,07,19,17,00,02,18.00,1618.50,-0006.22
21,07,19,17,00,04,18.00,1490.50,-0004.93
21,07,19,17,00,06,18.50,1208.00,-0002.09
21,07,19,17,48,35,20.00,1438.00,-0004.41
21,07,19,17,48,37,19.50,1596.00,-0006.00
21,07,19,17,48,39,19.00,1554.50,-0005.58
21,07,19,17,48,41,19.00,1317.00,-0003.19
21,07,19,17,49,03,19.50,1344.00,-0003.46
21,07,19,17,49,05,19.00,1624.50,-0006.28
21,07,19,17,49,07,18.00,1829.00,-0008.34
21,07,19,17,49,09,17.00,2022.00,-0010.28
21,07,19,17,49,11,16.50,2056.50,-0010.63
21,07,19,17,49,13,16.00,2104.00,-0011.11
21,07,19,17,49,15,16.00,1897.50,-0009.03
21,07,19,17,49,17,16.50,1624.00,-0006.28
21,07,19,17,49,19,17.50,1287.50,-0002.89
21,07,19,17,49,47,19.00,1170.50,-0001.72
21,07,19,17,49,49,18.50,1529.50,-0005.33
21,07,19,17,49,51,17.50,1850.00,-0008.55
21,07,19,17,49,53,16.50,2154.50,-0011.61
21,07,19,17,49,55,16.00,2195.00,-0012.02
21,07,19,17,49,57,15.50,1925.50,-0009.31
21,07,19,17,49,59,16.00,1598.50,-0006.02
21,07,19,17,50,01,17.00,1257.00,-0002.59
21,07,19,17,51,25,20.00,1109.00,-0001.10
21,07,19,17,51,27,19.50,1325.50,-0003.27
21,07,19,17,51,29,19.00,1533.50,-0005.37
21,07,19,17,51,31,18.00,1859.00,-0008.64
21,07,19,17,51,33,17.00,2109.00,-0011.16
21,07,19,17,51,35,16.00,2216.50,-0012.24
21,07,19,17,51,37,15.50,2342.50,-0013.51
21,07,19,17,51,39,15.00,2424.50,-0014.33
21,07,19,17,51,41,15.00,2474.00,-0014.83
21,07,19,17,51,43,15.00,2394.50,-0014.03
21,07,19,17,51,45,14.50,2293.00,-0013.01
21,07,19,17,51,47,14.50,2188.00,-0011.95
21,07,19,17,51,49,15.00,2122.50,-0011.29
21,07,19,17,51,51,15.00,2169.00,-0011.76
21,07,19,17,51,53,15.00,2140.00,-0011.47
21,07,19,17,51,55,15.00,1893.00,-0008.98
21,07,19,17,51,57,16.00,1586.50,-0005.90
21,07,19,17,51,59,17.00,1248.50,-0002.50
21,07,19,17,52,36,20.00,1142.50,-0001.43
21,07,19,17,52,38,19.50,1426.00,-0004.29
21,07,19,17,52,40,19.00,1651.50,-0006.55
21,07,19,17,52,42,18.00,1755.50,-0007.60
21,07,19,17,52,44,18.00,1651.50,-0006.55
21,07,19,17,52,46,18.00,1562.50,-0005.66
21,07,19,17,52,48,18.50,1251.50,-0002.53
21,07,19,17,53,52,19.50,1322.00,-0003.24
21,07,19,17,53,54,19.00,1674.00,-0006.78
21,07,19,17,53,56,17.50,2030.00,-0010.36
21,07,19,17,53,58,16.50,2241.50,-0012.49
21,07,19,17,54,00,15.50,2380.00,-0013.88
21,07,19,17,54,02,15.00,2518.00,-0015.27
21,07,19,17,54,04,15.00,2446.00,-0014.55
21,07,19,17,54,06,15.00,2287.50,-0012.95
21,07,19,17,54,08,15.00,2209.50,-0012.17
21,07,19,17,54,10,15.00,2162.00,-0011.69
21,07,19,17,54,12,15.00,2063.00,-0010.69
21,07,19,17,54,14,15.50,1907.50,-0009.13
21,07,19,17,54,16,16.00,1671.50,-0006.76
21,07,19,17,54,18,17.00,1349.50,-0003.52
21,07,19,17,58,16,19.00,1403.50,-0004.06
21,07,19,17,58,18,18.00,1766.00,-0007.71
21,07,19,17,58,20,17.50,1834.50,-0008.40
21,07,19,17,58,22,17.00,1741.00,-0007.45
21,07,19,17,58,24,17.50,1386.00,-0003.88
21,07,19,17,59,02,20.00,1221.00,-0002.22
21,07,19,17,59,04,19.00,1547.50,-0005.51
21,07,19,17,59,06,17.50,1927.50,-0009.33
21,07,19,17,59,08,16.50,2341.50,-0013.50
21,07,19,17,59,10,15.50,2644.00,-0016.54
21,07,19,17,59,12,15.00,2756.00,-0017.67
21,07,19,17,59,14,14.50,3006.50,-0020.19
21,07,19,17,59,16,14.00,3177.50,-0021.91
21,07,19,17,59,18,14.00,3280.00,-0022.94
21,07,19,17,59,20,14.00,3185.00,-0021.98
21,07,19,17,59,22,13.50,2949.50,-0019.61
21,07,19,17,59,24,13.50,2684.50,-0016.95
21,07,19,17,59,26,14.00,2398.50,-0014.07
21,07,19,17,59,28,14.00,2099.00,-0011.06
21,07,19,17,59,30,15.00,1790.00,-0007.95
21,07,19,17,59,32,16.00,1457.50,-0004.60
21,07,19,18,04,00,19.50,1294.50,-0002.96
21,07,19,18,04,02,19.00,1521.00,-0005.24
21,07,19,18,04,04,18.00,1651.50,-0006.55
21,07,19,18,04,06,17.50,1740.00,-0007.44
21,07,19,18,04,08,17.00,1721.50,-0007.26
21,07,19,18,04,10,17.00,1687.00,-0006.91
21,07,19,18,04,12,17.00,1627.00,-0006.31
21,07,19,18,04,14,17.00,1547.00,-0005.50
21,07,19,18,04,16,17.00,1626.00,-0006.30
21,07,19,18,04,18,17.00,1579.50,-0005.83
21,07,19,18,04,20,17.50,1263.50,-0002.65
21,07,19,18,05,58,19.50,1222.00,-0002.23
21,07,19,18,06,00,19.00,1529.00,-0005.32
21,07,19,18,06,02,18.00,1703.50,-0007.08
21,07,19,18,06,04,17.00,1695.00,-0006.99
21,07,19,18,06,06,17.00,1546.00,-0005.49
21,07,19,18,06,08,18.00,1249.00,-0002.50
21,07,19,18,07,12,19.50,1308.50,-0003.10
21,07,19,18,07,14,19.00,1555.00,-0005.58
21,07,19,18,07,16,18.00,1608.00,-0006.12
21,07,19,18,07,18,18.00,1566.50,-0005.70
21,07,19,18,07,20,18.00,1464.00,-0004.67
21,07,19,18,07,22,18.50,1250.00,-0002.52
21,07,19,18,17,55,20.00,1115.00,-0001.16
21,07,19,18,17,57,19.50,1476.50,-0004.79
21,07,19,18,17,59,18.00,1789.50,-0007.94
21,07,19,18,18,01,17.00,1963.50,-0009.69
21,07,19,18,18,03,16.50,2093.50,-0011.00
21,07,19,18,18,05,16.00,1896.50,-0009.02
21,07,19,18,18,07,16.50,1732.50,-0007.37
21,07,19,18,18,09,16.50,1576.50,-0005.80
21,07,19,18,18,11,17.50,1305.00,-0003.07
21,07,19,18,46,49,20.50,1224.00,-0002.25
21,07,19,18,46,51,19.50,1325.00,-0003.27
21,07,19,18,46,53,19.50,1100.50,-0001.01
21,07,19,18,59,25,21.50,1214.00,-0002.15
21,07,19,18,59,27,20.00,1570.00,-0005.73
21,07,19,18,59,29,18.50,1943.50,-0009.49
21,07,19,18,59,31,17.50,2245.50,-0012.53
21,07,19,18,59,33,16.50,2140.00,-0011.47
21,07,19,18,59,35,16.50,1889.00,-0008.94
21,07,19,18,59,37,17.00,1606.00,-0006.10
21,07,19,18,59,39,17.50,1294.50,-0002.96
21,07,20,06,47,56,18.50,1395.00,-0003.97
21,07,20,06,47,58,17.50,1798.50,-0008.03
21,07,20,06,48,00,16.50,2231.00,-0012.38
21,07,20,06,48,02,15.50,2660.50,-0016.70
21,07,20,06,48,04,15.00,3037.00,-0020.49
21,07,20,06,48,06,14.50,3145.00,-0021.58
21,07,20,06,48,08,14.00,3016.50,-0020.29
21,07,20,06,48,10,14.00,3045.00,-0020.57
21,07,20,06,48,12,14.00,3153.00,-0021.66
21,07,20,06,48,14,13.50,3136.00,-0021.49
21,07,20,06,48,16,13.50,2932.00,-0019.44
21,07,20,06,48,18,13.50,2701.00,-0017.11
21,07,20,06,48,20,14.00,2451.00,-0014.60
21,07,20,06,48,22,14.50,2165.50,-0011.72
21,07,20,06,48,24,14.50,1870.50,-0008.76
21,07,20,06,48,26,15.00,1536.00,-0005.39
21,07,20,06,48,28,16.00,1175.00,-0001.76
21,07,20,07,03,32,19.50,1278.00,-0002.80
21,07,20,07,03,34,18.50,1661.00,-0006.65
21,07,20,07,03,36,17.50,1966.00,-0009.72
21,07,20,07,03,38,17.00,2246.50,-0012.54
21,07,20,07,03,40,16.00,2411.00,-0014.19
21,07,20,07,03,42,15.50,2418.00,-0014.27
21,07,20,07,03,44,15.00,2594.00,-0016.04
21,07,20,07,03,46,15.00,2837.00,-0018.48
21,07,20,07,03,48,14.50,2931.50,-0019.43
21,07,20,07,03,50,14.50,2999.50,-0020.11
21,07,20,07,03,52,14.00,3015.00,-0020.27
21,07,20,07,03,54,14.00,2759.50,-0017.70
21,07,20,07,03,56,14.00,2488.00,-0014.97
21,07,20,07,03,58,14.50,2193.50,-0012.01
21,07,20,07,04,00,15.00,1883.50,-0008.89
21,07,20,07,04,02,15.50,1557.00,-0005.60
21,07,20,07,04,04,17.00,1191.50,-0001.93
21,07,20,08,07,51,20.50,1142.00,-0001.43
21,07,20,08,07,53,19.50,1403.00,-0004.05
21,07,20,08,07,55,18.50,1624.00,-0006.28
21,07,20,08,07,57,18.00,1767.50,-0007.72
21,07,20,08,07,59,17.50,1681.00,-0006.85
21,07,20,08,08,01,17.00,1661.50,-0006.65
21,07,20,08,08,03,17.00,1902.50,-0009.08
21,07,20,08,08,05,16.00,2178.50,-0011.86
21,07,20,08,08,07,15.50,2246.00,-0012.53
21,07,20,08,08,09,15.00,2205.00,-0012.12
21,07,20,08,08,11,15.00,2096.00,-0011.03
21,07,20,08,08,13,15.00,1957.00,-0009.63
21,07,20,08,08,15,15.50,1768.00,-0007.73
21,07,20,08,08,17,16.00,1575.50,-0005.79
21,07,20,08,08,19,16.50,1296.50,-0002.98
21,07,20,08,09,21,18.50,1315.50,-0003.17
21,07,20,08,09,23,17.50,1737.00,-0007.41
21,07,20,08,09,25,16.50,2167.50,-0011.75
21,07,20,08,09,27,15.50,2575.50,-0015.85
21,07,20,08,09,29,14.50,2874.50,-0018.86
21,07,20,08,09,31,14.00,3034.50,-0020.47
21,07,20,08,09,33,14.00,3269.00,-0022.83
21,07,20,08,09,35,13.50,3504.00,-0025.19
21,07,20,08,09,37,13.50,3721.50,-0027.38
21,07,20,08,09,39,13.50,3878.50,-0028.96
21,07,20,08,09,41,13.50,4123.50,-0031.42
21,07,20,08,09,43,13.00,4370.50,-0033.91
21,07,20,08,09,45,13.00,4173.50,-0031.93
21,07,20,08,09,47,13.00,3893.50,-0029.11
21,07,20,08,09,49,13.00,3627.50,-0026.43
21,07,20,08,09,51,13.00,3359.50,-0023.74
21,07,20,08,09,53,13.00,3113.50,-0021.26
21,07,20,08,09,55,13.00,2860.50,-0018.72
21,07,20,08,09,57,13.00,2614.50,-0016.24
21,07,20,08,09,59,13.50,2354.00,-0013.62
21,07,20,08,10,01,13.50,2081.00,-0010.87
21,07,20,08,10,03,14.00,1796.50,-0008.01
21,07,20,08,10,05,15.00,1489.50,-0004.92
21,07,20,08,10,07,16.00,1159.00,-0001.60
21,07,20,08,10,41,18.50,1101.00,-0001.02
21,07,20,08,10,43,18.50,1241.00,-0002.42
21,07,20,10,15,24,18.50,1418.50,-0004.21
21,07,20,10,15,26,17.50,1854.00,-0008.59
21,07,20,10,15,28,16.50,2204.50,-0012.12
21,07,20,10,15,30,16.00,2403.50,-0014.12
21,07,20,10,15,32,15.50,2469.50,-0014.78
21,07,20,10,15,34,15.00,2508.50,-0015.18
21,07,20,10,15,36,15.00,2478.50,-0014.87
21,07,20,10,15,38,14.50,2571.00,-0015.80
21,07,20,10,15,40,14.00,2714.00,-0017.24
21,07,20,10,15,42,14.00,2695.00,-0017.05
21,07,20,10,15,44,14.00,2543.50,-0015.53
21,07,20,10,15,46,14.00,2274.50,-0012.82
21,07,20,10,15,48,14.50,1967.50,-0009.73
21,07,20,10,15,50,15.00,1646.50,-0006.50
21,07,20,10,15,52,16.00,1299.50,-0003.01
21,07,20,10,16,50,18.00,1327.50,-0003.29
21,07,20,10,16,52,17.50,1728.00,-0007.32
21,07,20,10,16,54,16.50,2127.00,-0011.34
21,07,20,10,16,56,15.50,2475.00,-0014.84
21,07,20,10,16,58,15.00,2787.00,-0017.98
21,07,20,10,17,00,14.50,3061.00,-0020.73
21,07,20,10,17,02,14.00,3074.00,-0020.86
21,07,20,10,17,04,14.00,3044.50,-0020.57
21,07,20,10,17,06,14.00,2836.00,-0018.47
21,07,20,10,17,08,13.50,2692.50,-0017.03
21,07,20,10,17,10,14.00,2437.50,-0014.46
21,07,20,10,17,12,14.00,2142.00,-0011.49
21,07,20,10,17,14,14.50,1828.50,-0008.33
21,07,20,10,17,16,15.50,1493.00,-0004.96
21,07,20,10,17,18,16.50,1133.00,-0001.34
21,07,20,10,20,37,18.50,1234.00,-0002.35
21,07,20,10,20,39,18.00,1599.00,-0006.03
21,07,20,10,20,41,17.00,1682.50,-0006.87
21,07,20,10,20,43,17.00,1384.50,-0003.87
21,07,20,10,46,03,18.50,1183.50,-0001.85
21,07,20,10,51,21,19.00,1390.00,-0003.92
21,07,20,10,51,23,18.00,1675.00,-0006.79
21,07,20,10,51,25,16.50,1956.50,-0009.62
21,07,20,10,51,27,16.00,2153.00,-0011.60
21,07,20,10,51,29,15.50,1996.50,-0010.02
21,07,20,10,51,31,15.50,1658.50,-0006.62
21,07,20,10,51,33,16.50,1288.50,-0002.90
21,07,20,11,13,04,20.00,1170.50,-0001.72
21,07,20,11,13,06,19.00,1520.00,-0005.23
21,07,20,11,13,08,18.00,1732.00,-0007.36
21,07,20,11,13,10,17.50,1822.00,-0008.27
21,07,20,11,13,12,17.00,1926.00,-0009.32
21,07,20,11,13,14,16.50,2000.00,-0010.06
21,07,20,11,13,16,16.50,2046.00,-0010.52
21,07,20,11,13,18,16.50,2074.50,-0010.81
21,07,20,11,13,20,16.00,2063.50,-0010.70
21,07,20,11,13,22,16.00,2003.00,-0010.09
21,07,20,11,13,24,16.00,1770.50,-0007.75
21,07,20,11,13,26,16.50,1435.00,-0004.38
21,07,20,11,13,42,18.50,1328.00,-0003.30
21,07,20,11,13,44,17.50,1616.50,-0006.20
21,07,20,11,13,46,17.00,1735.50,-0007.40
21,07,20,11,13,48,17.00,1673.00,-0006.77
21,07,20,11,13,50,17.00,1663.00,-0006.67
21,07,20,11,13,52,16.50,1577.50,-0005.81
21,07,20,11,13,54,17.00,1295.00,-0002.97
21,07,20,11,14,14,18.50,1221.50,-0002.23
21,07,20,11,37,03,21.00,1154.00,-0001.55
21,07,20,11,37,05,20.50,1449.00,-0004.52
21,07,20,11,37,07,19.00,1685.00,-0006.89
21,07,20,11,37,09,18.50,1534.50,-0005.38
21,07,20,11,37,11,19.00,1254.50,-0002.56
21,07,20,11,40,35,20.50,1124.00,-0001.25
21,07,20,11,40,37,20.00,1282.50,-0002.84
21,07,20,11,40,39,20.00,1251.50,-0002.53
21,07,20,11,40,41,19.50,1208.50,-0002.10
21,07,20,11,40,57,20.00,1274.00,-0002.76
21,07,20,11,40,59,19.00,1602.50,-0006.06
21,07,20,11,41,01,18.00,1671.00,-0006.75
21,07,20,11,41,03,17.50,1652.00,-0006.56
21,07,20,11,41,05,17.50,1745.00,-0007.49
21,07,20,11,41,07,17.00,1630.00,-0006.34
21,07,20,11,41,09,17.50,1521.00,-0005.24
21,07,20,11,41,11,18.00,1234.00,-0002.35
21,07,20,11,44,45,20.00,1289.50,-0002.91
21,07,20,11,44,47,19.50,1692.50,-0006.97
21,07,20,11,44,49,17.50,2012.50,-0010.19
21,07,20,11,44,51,16.50,2185.00,-0011.92
21,07,20,11,44,53,15.50,2272.00,-0012.80
21,07,20,11,44,55,15.50,2279.50,-0012.87
21,07,20,11,44,57,15.00,2235.50,-0012.43
21,07,20,11,44,59,15.00,2233.00,-0012.40
21,07,20,11,45,01,14.50,2219.50,-0012.27
21,07,20,11,45,03,14.50,2206.00,-0012.13
21,07,20,11,45,05,14.50,2261.00,-0012.69
21,07,20,11,45,07,14.50,2287.00,-0012.95
21,07,20,11,45,09,14.50,2213.00,-0012.20
21,07,20,11,45,11,14.50,1950.50,-0009.56
21,07,20,11,45,13,15.50,1645.00,-0006.49
21,07,20,11,45,15,17.00,1301.00,-0003.03
21,07,20,11,46,03,19.50,1120.00,-0001.21
21,07,20,11,46,43,20.00,1137.00,-0001.38
21,07,20,11,53,46,20.50,1269.50,-0002.71
21,07,20,11,53,48,19.50,1339.50,-0003.42
21,07,20,11,53,50,19.50,1152.50,-0001.53
21,07,20,12,00,36,20.00,1298.50,-0003.00
21,07,20,12,00,38,19.00,1689.50,-0006.94
21,07,20,12,00,40,17.50,2027.50,-0010.34
21,07,20,12,00,42,16.00,2277.50,-0012.85
21,07,20,12,00,44,15.50,2455.00,-0014.64
21,07,20,12,00,46,15.00,2586.50,-0015.96
21,07,20,12,00,48,14.50,2631.50,-0016.41
21,07,20,12,00,50,14.50,2486.00,-0014.95
21,07,20,12,00,52,14.50,2224.50,-0012.32
21,07,20,12,00,54,14.50,1944.50,-0009.50
21,07,20,12,00,56,15.50,1646.50,-0006.50
21,07,20,12,00,58,16.50,1308.00,-0003.10
21,07,20,12,02,52,20.00,1118.50,-0001.19
21,07,20,12,02,54,19.50,1437.50,-0004.40
21,07,20,12,02,56,19.00,1456.50,-0004.59
21,07,20,12,02,58,19.00,1687.50,-0006.92
21,07,20,12,03,00,17.50,1988.00,-0009.94
21,07,20,12,03,02,16.50,2106.50,-0011.13
21,07,20,12,03,04,16.50,1990.00,-0009.96
21,07,20,12,03,06,16.50,1941.50,-0009.47
21,07,20,12,03,08,16.50,1799.50,-0008.04
21,07,20,12,03,10,17.00,1504.50,-0005.08
21,07,20,12,03,12,18.00,1133.00,-0001.34
21,07,20,12,06,46,20.00,1220.00,-0002.21
21,07,20,12,06,48,19.50,1599.00,-0006.03
21,07,20,12,06,50,18.00,1754.00,-0007.59
21,07,20,12,06,52,17.50,1843.00,-0008.48
21,07,20,12,06,54,16.50,1876.50,-0008.82
21,07,20,12,06,56,16.50,1758.00,-0007.63
21,07,20,12,06,58,17.50,1476.50,-0004.79
21,07,20,12,07,00,18.50,1127.50,-0001.28
21,07,20,12,10,02,19.50,1337.00,-0003.39
21,07,20,12,10,04,19.00,1571.50,-0005.75
21,07,20,12,10,06,18.50,1674.00,-0006.78
21,07,20,12,10,08,18.00,1647.00,-0006.51
21,07,20,12,10,10,18.00,1472.50,-0004.75
21,07,20,12,10,12,19.00,1112.50,-0001.13
21,07,20,12,11,28,19.50,1389.00,-0003.91
21,07,20,12,11,30,19.00,1639.50,-0006.43
21,07,20,12,11,32,18.00,1758.50,-0007.63
21,07,20,12,11,34,17.50,1982.50,-0009.88
21,07,20,12,11,36,16.50,2167.00,-0011.74
21,07,20,12,11,38,16.00,2190.50,-0011.98
21,07,20,12,11,40,15.50,2136.00,-0011.43
21,07,20,12,11,42,15.50,2197.50,-0012.05
21,07,20,12,11,44,15.50,2030.50,-0010.37
21,07,20,12,11,46,16.00,1890.50,-0008.96
21,07,20,12,11,48,16.00,1770.50,-0007.75
21,07,20,12,11,50,16.50,1713.00,-0007.17
21,07,20,12,11,52,17.00,1457.00,-0004.60
21,07,20,12,11,54,18.00,1108.50,-0001.09
21,07,20,12,12,54,19.50,1243.50,-0002.45
21,07,20,12,12,56,19.50,1301.00,-0003.03
21,07,20,12,12,58,19.50,1269.50,-0002.71
21,07,20,12,13,00,19.50,1124.50,-0001.25
21,07,20,12,19,44,20.00,1127.00,-0001.28
21,07,20,12,19,46,20.00,1205.50,-0002.07
21,07,20,12,19,48,20.00,1177.00,-0001.78
21,07,20,12,22,56,20.00,1181.50,-0001.83
21,07,20,12,22,58,19.50,1429.50,-0004.32
21,07,20,12,23,00,19.50,1506.00,-0005.09
21,07,20,12,23,02,19.00,1445.50,-0004.48
21,07,20,12,23,04,19.00,1284.50,-0002.86
21,07,20,12,34,06,20.50,1239.50,-0002.41
21,07,20,12,34,08,20.50,1314.50,-0003.16
21,07,20,12,34,10,19.50,1589.50,-0005.93
21,07,20,12,34,12,18.50,1840.00,-0008.45
21,07,20,12,34,14,18.00,1826.50,-0008.31
21,07,20,12,34,16,17.50,1857.50,-0008.63
21,07,20,12,34,18,17.50,1961.00,-0009.67
21,07,20,12,34,20,17.00,1771.50,-0007.76
21,07,20,12,34,22,17.50,1465.50,-0004.68
21,07,20,12,34,24,18.50,1115.00,-0001.16
21,07,20,12,35,10,20.00,1152.00,-0001.53
21,07,20,12,35,12,19.50,1397.50,-0004.00
21,07,20,12,35,14,18.00,1801.00,-0008.06
21,07,20,12,35,16,17.00,2153.00,-0011.60
21,07,20,12,35,18,16.00,2462.50,-0014.71
21,07,20,12,35,20,15.00,2640.00,-0016.50
21,07,20,12,35,22,14.50,2718.00,-0017.28
21,07,20,12,35,24,14.50,2621.50,-0016.31
21,07,20,12,35,26,14.50,2613.00,-0016.23
21,07,20,12,35,28,14.00,2348.50,-0013.57
21,07,20,12,35,30,14.00,2055.50,-0010.62
21,07,20,12,35,32,15.00,1734.50,-0007.39
21,07,20,12,35,34,16.00,1400.50,-0004.03
21,07,20,12,38,48,20.00,1291.50,-0002.93
21,07,20,12,38,50,19.00,1676.50,-0006.81
21,07,20,12,38,52,17.00,2089.00,-0010.96
21,07,20,12,38,54,16.00,2448.00,-0014.57
21,07,20,12,38,56,15.00,2825.00,-0018.36
21,07,20,12,38,58,14.50,2829.00,-0018.40
21,07,20,12,39,00,14.50,2752.00,-0017.63
21,07,20,12,39,02,14.00,2565.00,-0015.74
21,07,20,12,39,04,14.00,2390.50,-0013.99
21,07,20,12,39,06,14.00,2151.00,-0011.58
21,07,20,12,39,08,14.50,1851.00,-0008.56
21,07,20,12,39,10,15.50,1511.50,-0005.15
21,07,20,12,39,12,17.00,1148.00,-0001.49
21,07,20,12,40,16,20.00,1139.50,-0001.40
21,07,20,12,40,18,19.50,1199.00,-0002.00
21,07,20,12,40,20,19.50,1167.00,-0001.68
21,07,20,12,41,46,20.00,1206.00,-0002.07
21,07,20,12,41,48,19.50,1432.00,-0004.35
21,07,20,12,41,50,18.50,1635.50,-0006.39
21,07,20,12,41,52,17.50,1616.50,-0006.20
21,07,20,12,41,54,17.50,1409.00,-0004.11
21,07,20,12,41,56,18.00,1214.50,-0002.16
21,07,20,12,42,26,20.00,1187.50,-0001.89
21,07,20,12,42,28,19.00,1514.50,-0005.18
21,07,20,12,42,30,17.50,1894.00,-0008.99
21,07,20,12,42,32,16.50,2184.50,-0011.92
21,07,20,12,42,34,15.50,2265.50,-0012.73
21,07,20,12,42,36,15.00,2166.50,-0011.73
21,07,20,12,42,38,15.00,1957.50,-0009.63
21,07,20,12,42,40,15.50,1918.00,-0009.24
21,07,20,12,42,42,15.50,1742.00,-0007.46
21,07,20,12,42,44,16.00,1430.00,-0004.33
21,07,20,12,46,38,19.50,1307.50,-0003.09
21,07,20,12,46,40,19.00,1627.00,-0006.31
21,07,20,12,46,42,18.00,1813.50,-0008.18
21,07,20,12,46,44,17.50,2003.50,-0010.10
21,07,20,12,46,46,16.50,2275.00,-0012.83
21,07,20,12,46,48,15.50,2346.50,-0013.55
21,07,20,12,46,50,15.50,2286.50,-0012.94
21,07,20,12,46,52,15.50,2062.00,-0010.68
21,07,20,12,46,54,16.00,1760.00,-0007.65
21,07,20,12,46,56,17.50,1422.50,-0004.25
21,07,20,12,51,33,20.00,1253.50,-0002.55
21,07,20,12,51,35,19.50,1367.00,-0003.69
21,07,20,12,51,37,19.00,1333.50,-0003.36
21,07,20,12,52,07,19.50,1478.50,-0004.81
21,07,20,12,52,09,18.00,1870.00,-0008.75
21,07,20,12,52,11,16.50,2217.50,-0012.25
21,07,20,12,52,13,16.00,2384.50,-0013.93
21,07,20,12,52,15,15.50,2676.50,-0016.87
21,07,20,12,52,17,15.00,2933.00,-0019.45
21,07,20,12,52,19,14.50,3182.50,-0021.96
21,07,20,12,52,21,14.00,3516.50,-0025.32
21,07,20,12,52,23,13.50,3768.00,-0027.85
21,07,20,12,52,25,13.50,3848.50,-0028.66
21,07,20,12,52,27,13.50,3836.50,-0028.54
21,07,20,12,52,29,13.50,3659.50,-0026.75
21,07,20,12,52,31,13.50,3435.50,-0024.50
21,07,20,12,52,33,13.50,3194.50,-0022.08
21,07,20,12,52,35,13.50,2941.00,-0019.53
21,07,20,12,52,37,13.50,2676.50,-0016.87
21,07,20,12,52,39,14.00,2399.00,-0014.07
21,07,20,12,52,41,14.00,2112.50,-0011.19
21,07,20,12,52,43,14.50,1814.00,-0008.19
21,07,20,12,52,45,15.50,1493.50,-0004.96
21,07,20,12,52,47,17.00,1142.50,-0001.43
21,07,20,13,06,57,21.00,1209.50,-0002.11
21,07,20,13,06,59,20.00,1609.00,-0006.13
21,07,20,13,07,01,18.50,1823.00,-0008.28
21,07,20,13,07,03,18.00,1869.00,-0008.74
21,07,20,13,07,05,17.50,1884.50,-0008.90
21,07,20,13,07,07,17.00,1863.00,-0008.68
21,07,20,13,07,09,17.00,2034.50,-0010.41
21,07,20,13,07,11,16.50,2111.00,-0011.18
21,07,20,13,07,13,16.00,2135.50,-0011.42
21,07,20,13,07,15,15.50,2156.50,-0011.63
21,07,20,13,07,17,15.50,2050.00,-0010.56
21,07,20,13,07,19,15.50,2082.50,-0010.89
21,07,20,13,07,21,15.50,2039.00,-0010.45
21,07,20,13,07,23,16.00,1794.00,-0007.99
21,07,20,13,07,25,16.50,1467.00,-0004.70
21,07,20,13,07,27,18.00,1129.50,-0001.30
21,07,20,13,11,01,20.00,1349.50,-0003.52
21,07,20,13,11,03,19.00,1755.00,-0007.60
21,07,20,13,11,05,17.00,2134.00,-0011.41
21,07,20,13,11,07,16.00,2508.50,-0015.18
21,07,20,13,11,09,15.50,2625.50,-0016.35
21,07,20,13,11,11,15.00,2426.00,-0014.35
21,07,20,13,11,13,15.00,2159.50,-0011.66
21,07,20,13,11,15,15.00,1875.00,-0008.80
21,07,20,13,11,17,15.50,1570.00,-0005.73
21,07,20,13,11,19,17.00,1232.00,-0002.33
21,07,20,17,38,45,21.00,1240.00,-0002.41
21,07,20,17,38,47,19.50,1590.00,-0005.94
21,07,20,17,38,49,17.50,1971.50,-0009.77
21,07,20,17,38,51,16.50,2303.00,-0013.11
21,07,20,17,38,53,16.00,2463.50,-0014.72
21,07,20,17,38,55,15.50,2340.00,-0013.48
21,07,20,17,38,57,15.50,2147.50,-0011.54
21,07,20,17,38,59,15.50,1911.50,-0009.17
21,07,20,17,39,01,15.50,1593.50,-0005.97
21,07,20,17,39,03,16.50,1233.00,-0002.34
21,07,20,18,13,27,20.00,1206.50,-0002.08
21,07,20,18,13,29,19.50,1155.50,-0001.56
21,07,20,18,38,23,20.50,1144.00,-0001.45
21,07,20,18,46,52,20.00,1107.50,-0001.08
21,07,20,20,33,53,16.50,1156.50,-0001.57
21,07,20,20,33,55,16.00,1237.50,-0002.39
21,07,20,20,33,57,15.50,1284.00,-0002.86
21,07,20,20,33,59,15.50,1270.50,-0002.72
21,07,21,04,52,57,14.00,1250.00,-0002.52
21,07,21,04,52,59,14.00,1292.50,-0002.94
21,07,21,04,53,58,14.00,1177.00,-0001.78
21,07,21,04,54,00,13.50,1110.00,-0001.11
21,07,21,04,54,38,14.00,1107.00,-0001.08
21,07,21,04,54,50,13.50,1157.50,-0001.58
21,07,21,04,54,52,13.50,1190.50,-0001.92
21,07,21,04,54,54,13.50,1235.00,-0002.36
21,07,21,04,54,56,13.50,1341.00,-0003.43
21,07,21,04,54,58,13.50,1457.50,-0004.60
21,07,21,04,55,00,13.50,1212.50,-0002.14
21,07,21,06,18,53,14.50,1407.50,-0004.10
21,07,21,06,18,55,14.00,1771.00,-0007.76
21,07,21,06,18,57,14.00,2057.00,-0010.63
21,07,21,06,18,59,14.00,2295.50,-0013.03
21,07,21,06,19,01,14.00,2146.50,-0011.53
21,07,21,06,19,03,14.00,1868.00,-0008.73
21,07,21,06,19,05,14.00,1596.50,-0006.00
21,07,21,06,19,07,14.00,1290.00,-0002.92
21,07,21,06,54,14,14.50,1161.50,-0001.62
21,07,21,06,54,50,14.00,1206.00,-0002.07
21,07,21,06,54,52,14.00,1222.00,-0002.23
21,07,21,06,54,54,14.00,1199.50,-0002.01
21,07,21,06,58,55,15.00,1287.50,-0002.89
21,07,21,06,58,57,14.50,1644.00,-0006.48
21,07,21,06,58,59,14.00,2000.50,-0010.07
21,07,21,06,59,01,14.00,2300.50,-0013.08
21,07,21,06,59,03,14.00,2641.50,-0016.51
21,07,21,06,59,05,14.00,2828.50,-0018.39
21,07,21,06,59,07,14.00,2982.00,-0019.94
21,07,21,06,59,09,14.00,2926.00,-0019.38
21,07,21,06,59,11,14.00,2784.00,-0017.95
21,07,21,06,59,13,14.00,2513.00,-0015.22
21,07,21,06,59,15,13.50,2222.00,-0012.29
21,07,21,06,59,17,13.50,1957.50,-0009.63
21,07,21,06,59,19,13.50,1663.00,-0006.67
21,07,21,06,59,21,13.50,1335.00,-0003.37
21,07,21,07,00,01,14.00,1375.50,-0003.78
21,07,21,07,00,03,14.00,1649.00,-0006.53
21,07,21,07,00,05,14.00,1872.50,-0008.78
21,07,21,07,00,07,14.00,1896.00,-0009.01
21,07,21,07,00,09,14.00,1970.50,-0009.76
21,07,21,07,00,11,13.50,2044.00,-0010.50
21,07,21,07,00,13,13.50,2182.00,-0011.89
21,07,21,07,00,15,13.50,2195.50,-0012.03
21,07,21,07,00,17,13.50,2347.00,-0013.55
21,07,21,07,00,19,13.50,2230.00,-0012.37
21,07,21,07,00,21,13.50,1925.50,-0009.31
21,07,21,07,00,23,13.50,1598.50,-0006.02
21,07,21,07,00,25,13.50,1239.50,-0002.41
21,07,21,07,00,49,14.00,1298.00,-0003.00
21,07,21,07,00,51,14.00,1628.00,-0006.32
21,07,21,07,00,53,14.00,1917.50,-0009.23
21,07,21,07,00,55,13.50,2004.00,-0010.10
21,07,21,07,00,57,13.50,1955.00,-0009.61
21,07,21,07,00,59,13.50,1854.50,-0008.60
21,07,21,07,01,01,13.50,1601.00,-0006.05
21,07,21,07,01,03,13.50,1245.50,-0002.47
21,07,21,07,02,10,14.50,1301.50,-0003.03
21,07,21,07,02,12,14.00,1596.50,-0006.00
21,07,21,07,02,14,14.00,1780.00,-0007.85
21,07,21,07,02,16,14.00,1864.00,-0008.69
21,07,21,07,02,18,14.00,1879.50,-0008.85
21,07,21,07,02,20,13.50,1579.00,-0005.82
21,07,21,07,02,22,13.50,1236.00,-0002.37
21,07,21,07,02,46,14.00,1288.00,-0002.90
21,07,21,07,03,18,14.00,1234.00,-0002.35
21,07,21,07,03,20,14.00,1405.50,-0004.08
21,07,21,07,03,22,14.00,1143.00,-0001.44
21,07,21,07,04,58,15.00,1274.00,-0002.76
21,07,21,07,05,00,14.50,1564.50,-0005.68
21,07,21,07,05,02,14.00,1847.00,-0008.52
21,07,21,07,05,04,14.00,2117.50,-0011.24
21,07,21,07,05,06,14.00,2405.00,-0014.13
21,07,21,07,05,08,14.00,2728.00,-0017.38
21,07,21,07,05,10,14.00,2984.00,-0019.96
21,07,21,07,05,12,14.00,3064.00,-0020.76
21,07,21,07,05,14,14.00,3081.00,-0020.93
21,07,21,07,05,16,14.00,3053.00,-0020.65
21,07,21,07,05,18,14.00,3158.00,-0021.71
21,07,21,07,05,20,14.00,3160.50,-0021.73
21,07,21,07,05,22,14.00,3119.00,-0021.32
21,07,21,07,05,24,14.00,3118.50,-0021.31
21,07,21,07,05,26,13.50,3117.00,-0021.30
21,07,21,07,05,28,13.50,2991.50,-0020.03
21,07,21,07,05,30,13.50,2673.50,-0016.84
21,07,21,07,05,32,13.50,2385.00,-0013.93
21,07,21,07,05,34,13.50,2071.00,-0010.77
21,07,21,07,05,36,13.50,1756.50,-0007.61
21,07,21,07,05,38,13.50,1410.00,-0004.12
21,07,21,07,07,28,15.00,1145.50,-0001.46
21,07,21,07,07,30,14.50,1445.00,-0004.48
21,07,21,07,07,32,14.00,1722.00,-0007.26
21,07,21,07,07,34,14.00,1952.00,-0009.58
21,07,21,07,07,36,14.00,2094.00,-0011.01
21,07,21,07,07,38,14.00,1948.50,-0009.54
21,07,21,07,07,40,14.00,1647.00,-0006.51
21,07,21,07,07,42,13.50,1304.50,-0003.06
21,07,21,07,24,41,16.50,1198.50,-0002.00
21,07,21,07,24,43,15.50,1193.50,-0001.95
21,07,21,07,27,09,15.00,1265.00,-0002.67
21,07,21,07,27,11,14.50,1382.50,-0003.85
21,07,21,07,27,13,14.50,1206.00,-0002.07
21,07,21,07,29,33,14.50,1196.50,-0001.98
21,07,21,07,29,35,14.50,1583.00,-0005.86
21,07,21,07,29,37,14.00,1864.50,-0008.70
21,07,21,07,29,39,14.00,2130.00,-0011.37
21,07,21,07,29,41,14.00,2266.50,-0012.74
21,07,21,07,29,43,14.00,2339.50,-0013.48
21,07,21,07,29,45,14.00,2590.00,-0016.00
21,07,21,07,29,47,14.00,2673.50,-0016.84
21,07,21,07,29,49,14.00,2463.00,-0014.72
21,07,21,07,29,51,14.00,2251.50,-0012.59
21,07,21,07,29,53,13.50,1968.00,-0009.74
21,07,21,07,29,55,13.50,1697.00,-0007.01
21,07,21,07,29,57,13.50,1370.50,-0003.73
21,07,21,07,31,48,15.00,1196.00,-0001.97
21,07,21,07,31,50,14.50,1407.50,-0004.10
21,07,21,07,31,52,14.50,1332.00,-0003.34
21,07,21,07,32,46,15.00,1204.50,-0002.06
21,07,21,07,32,48,14.50,1457.50,-0004.60
21,07,21,07,32,50,14.00,1714.00,-0007.18
21,07,21,07,32,52,14.00,1903.50,-0009.09
21,07,21,07,32,54,14.00,2194.50,-0012.02
21,07,21,07,32,56,14.00,2553.00,-0015.62
21,07,21,07,32,58,14.00,2902.00,-0019.13
21,07,21,07,33,00,14.00,2943.50,-0019.55
21,07,21,07,33,02,14.00,2662.00,-0016.72
21,07,21,07,33,04,14.00,2419.50,-0014.28
21,07,21,07,33,06,13.50,2230.50,-0012.38
21,07,21,07,33,08,13.50,2057.00,-0010.63
21,07,21,07,33,10,13.50,1749.50,-0007.54
21,07,21,07,33,12,13.50,1516.00,-0005.19
21,07,21,07,33,14,13.50,1286.00,-0002.88
21,07,21,07,46,25,15.50,1105.00,-0001.06
21,07,21,07,57,52,15.50,1175.00,-0001.76
21,07,21,07,57,54,15.00,1384.00,-0003.86
21,07,21,07,57,56,14.50,1657.00,-0006.61
21,07,21,07,57,58,14.50,1950.00,-0009.56
21,07,21,07,58,00,14.50,2261.50,-0012.69
21,07,21,07,58,02,14.00,2602.00,-0016.12
21,07,21,07,58,04,14.00,2928.50,-0019.40
21,07,21,07,58,06,14.00,3013.50,-0020.26
21,07,21,07,58,08,14.00,2911.50,-0019.23
21,07,21,07,58,10,14.00,3041.00,-0020.53
21,07,21,07,58,12,14.00,2870.00,-0018.81
21,07,21,07,58,14,14.00,2694.00,-0017.04
21,07,21,07,58,16,14.00,2513.00,-0015.22
21,07,21,07,58,18,14.00,2227.50,-0012.35
21,07,21,07,58,20,13.50,1912.50,-0009.18
21,07,21,07,58,22,13.50,1572.00,-0005.75
21,07,21,07,58,24,13.50,1209.00,-0002.10
21,07,21,08,05,47,16.50,1194.50,-0001.96
21,07,21,08,05,49,15.50,1119.00,-0001.20
21,07,21,08,06,15,15.00,1273.00,-0002.75
21,07,21,08,06,17,14.50,1508.50,-0005.12
21,07,21,08,06,19,14.50,1691.50,-0006.96
21,07,21,08,06,21,14.00,2009.00,-0010.15
21,07,21,08,06,23,14.00,2317.50,-0013.25
21,07,21,08,06,25,14.00,2630.50,-0016.40
21,07,21,08,06,27,14.00,2993.50,-0020.05
21,07,21,08,06,29,14.00,3097.50,-0021.10
21,07,21,08,06,31,14.00,3066.00,-0020.78
21,07,21,08,06,33,14.00,2840.50,-0018.52
21,07,21,08,06,35,14.00,2610.50,-0016.20
21,07,21,08,06,37,14.00,2361.00,-0013.69
21,07,21,08,06,39,13.50,2084.50,-0010.91
21,07,21,08,06,41,13.50,1849.00,-0008.54
21,07,21,08,06,43,13.50,1650.00,-0006.54
21,07,21,08,06,45,13.50,1337.00,-0003.39
21,07,21,08,07,41,14.50,1244.00,-0002.45
21,07,21,08,07,43,14.00,1536.50,-0005.40
21,07,21,08,07,45,14.00,1689.00,-0006.93
21,07,21,08,07,47,14.00,1703.00,-0007.07
21,07,21,08,07,49,14.00,1387.50,-0003.90
21,07,21,08,09,58,14.50,1307.50,-0003.09
21,07,21,08,10,00,14.50,1143.50,-0001.44
21,07,21,08,10,26,14.50,1385.00,-0003.87
21,07,21,08,10,28,14.00,1648.50,-0006.52
21,07,21,08,10,30,14.00,1589.00,-0005.93
21,07,21,08,10,32,14.00,1334.50,-0003.37
21,07,21,08,12,48,15.00,1271.50,-0002.73
21,07,21,08,12,50,14.50,1514.50,-0005.18
21,07,21,08,12,52,14.50,1523.50,-0005.27
21,07,21,08,12,54,14.00,1332.00,-0003.34
21,07,21,08,26,41,17.50,1122.00,-0001.23
21,07,21,08,26,43,16.00,1281.50,-0002.83
21,07,21,08,26,45,15.00,1119.50,-0001.20
21,07,21,08,30,57,15.50,1267.00,-0002.69
21,07,21,08,30,59,15.00,1595.50,-0005.99
21,07,21,08,31,01,14.50,1885.00,-0008.90
21,07,21,08,31,03,14.50,2093.00,-0011.00
21,07,21,08,31,05,14.50,2010.50,-0010.17
21,07,21,08,31,07,14.00,1914.50,-0009.20
21,07,21,08,31,09,14.00,1621.50,-0006.25
21,07,21,08,31,11,14.00,1312.50,-0003.14
21,07,21,08,35,47,15.00,1426.50,-0004.29
21,07,21,08,35,49,14.50,1845.50,-0008.51
21,07,21,08,35,51,14.50,2278.50,-0012.86
21,07,21,08,35,53,14.00,2656.00,-0016.66
21,07,21,08,35,55,14.00,2849.00,-0018.60
21,07,21,08,35,57,14.00,3048.00,-0020.60
21,07,21,08,35,59,14.00,3215.00,-0022.28
21,07,21,08,36,01,14.00,3494.50,-0025.09
21,07,21,08,36,03,14.00,3596.50,-0026.12
21,07,21,08,36,05,14.00,3719.00,-0027.35
21,07,21,08,36,07,14.00,3791.50,-0028.08
21,07,21,08,36,09,14.00,3752.50,-0027.69
21,07,21,08,36,11,14.00,3455.50,-0024.70
21,07,21,08,36,13,14.00,3122.50,-0021.35
21,07,21,08,36,15,14.00,2788.00,-0017.99
21,07,21,08,36,17,13.50,2470.00,-0014.79
21,07,21,08,36,19,13.50,2180.00,-0011.87
21,07,21,08,36,21,13.50,1883.50,-0008.89
21,07,21,08,36,23,13.50,1579.50,-0005.83
21,07,21,08,36,25,13.50,1254.00,-0002.56
21,07,21,08,37,01,14.50,1116.50,-0001.17
21,07,21,08,37,03,14.00,1126.00,-0001.27
21,07,21,08,39,37,15.50,1291.00,-0002.93
21,07,21,08,39,39,15.00,1627.50,-0006.31
21,07,21,08,39,41,14.50,1871.00,-0008.76
21,07,21,08,39,43,14.50,1967.00,-0009.73
21,07,21,08,39,45,14.00,1764.50,-0007.69
21,07,21,08,39,47,14.00,1579.00,-0005.82
21,07,21,08,39,49,14.00,1229.50,-0002.31
21,07,21,08,41,11,15.50,1165.00,-0001.66
21,07,21,08,41,13,14.50,1482.50,-0004.85
21,07,21,08,41,15,14.50,1815.00,-0008.20
21,07,21,08,41,17,14.00,2090.50,-0010.97
21,07,21,08,41,19,14.00,2193.00,-0012.00
21,07,21,08,41,21,14.00,2043.50,-0010.50
21,07,21,08,41,23,14.00,1925.50,-0009.31
21,07,21,08,41,25,14.00,1757.00,-0007.62
21,07,21,08,41,27,14.00,1482.50,-0004.85
21,07,21,08,41,29,13.50,1137.50,-0001.38
21,07,21,08,42,25,14.50,1358.00,-0003.60
21,07,21,08,42,27,14.00,1612.00,-0006.16
21,07,21,08,42,29,14.00,1408.50,-0004.11
21,07,21,08,42,31,14.00,1726.50,-0007.31
21,07,21,08,42,33,14.00,1956.50,-0009.62
21,07,21,08,42,35,14.00,1711.50,-0007.16
21,07,21,08,42,37,13.50,1444.00,-0004.47
21,07,21,08,42,39,13.50,1267.00,-0002.69
21,07,21,08,42,41,13.50,1186.50,-0001.88
21,07,21,09,13,10,18.00,1147.00,-0001.48
21,07,21,09,13,12,16.00,1420.50,-0004.23
21,07,21,09,13,14,15.50,1725.50,-0007.30
21,07,21,09,13,16,15.00,1983.00,-0009.89
21,07,21,09,13,18,14.50,2280.50,-0012.88
21,07,21,09,13,20,14.50,2564.00,-0015.73
21,07,21,09,13,22,14.50,2897.00,-0019.08
21,07,21,09,13,24,14.50,3075.50,-0020.88
21,07,21,09,13,26,14.00,3185.50,-0021.99
21,07,21,09,13,28,14.00,3217.50,-0022.31
21,07,21,09,13,30,14.00,3096.00,-0021.09
21,07,21,09,13,32,14.00,2830.50,-0018.41
21,07,21,09,13,34,14.00,2570.50,-0015.80
21,07,21,09,13,36,14.00,2292.00,-0013.00
21,07,21,09,13,38,14.00,1988.50,-0009.94
21,07,21,09,13,40,14.00,1681.00,-0006.85
21,07,21,09,13,42,14.00,1366.00,-0003.68
21,07,21,09,18,48,16.00,1278.00,-0002.80
21,07,21,09,18,50,15.00,1665.50,-0006.69
21,07,21,09,18,52,14.50,2068.50,-0010.75
21,07,21,09,18,54,14.50,2468.50,-0014.77
21,07,21,09,18,56,14.50,2702.50,-0017.13
21,07,21,09,18,58,14.50,2962.00,-0019.74
21,07,21,09,19,00,14.00,3140.00,-0021.53
21,07,21,09,19,02,14.00,3377.50,-0023.92
21,07,21,09,19,04,14.00,3515.00,-0025.30
21,07,21,09,19,06,14.00,3555.50,-0025.71
21,07,21,09,19,08,14.00,3534.50,-0025.50
21,07,21,09,19,10,14.00,3259.00,-0022.73
21,07,21,09,19,12,14.00,3006.50,-0020.19
21,07,21,09,19,14,14.00,2756.00,-0017.67
21,07,21,09,19,16,14.00,2485.00,-0014.94
21,07,21,09,19,18,14.00,2206.50,-0012.14
21,07,21,09,19,20,13.50,1920.50,-0009.26
21,07,21,09,19,22,13.50,1612.50,-0006.16
21,07,21,09,19,24,13.50,1277.00,-0002.79
21,07,21,09,29,12,16.00,1224.00,-0002.25
21,07,21,09,29,14,15.50,1355.50,-0003.58
21,07,21,09,29,16,15.00,1627.00,-0006.31
21,07,21,09,29,18,14.50,1648.00,-0006.52
21,07,21,09,29,20,14.50,1602.00,-0006.06
21,07,21,09,29,22,14.50,1416.00,-0004.18
21,07,21,09,29,24,14.00,1206.00,-0002.07
21,07,21,09,29,34,14.00,1352.50,-0003.55
21,07,21,09,29,36,14.00,1704.00,-0007.08
21,07,21,09,29,38,14.00,1917.00,-0009.23
21,07,21,09,29,40,14.00,1746.00,-0007.50
21,07,21,09,29,42,14.00,1455.00,-0004.58
21,07,21,09,29,44,14.00,1113.00,-0001.14
21,07,21,09,30,22,15.00,1198.00,-0001.99
21,07,21,09,30,24,14.50,1478.50,-0004.81
21,07,21,09,30,26,14.00,1648.00,-0006.52
21,07,21,09,30,28,14.00,1696.00,-0007.00
21,07,21,09,30,30,14.00,1865.50,-0008.71
21,07,21,09,30,32,14.00,2060.00,-0010.66
21,07,21,09,30,34,14.00,1936.50,-0009.42
21,07,21,09,30,36,14.00,1622.50,-0006.26
21,07,21,09,30,38,13.50,1275.50,-0002.77
21,07,21,09,34,07,15.00,1328.00,-0003.30
21,07,21,09,34,09,14.50,1382.00,-0003.84
21,07,21,09,35,19,15.50,1198.00,-0001.99
21,07,21,09,35,21,15.00,1502.50,-0005.06
21,07,21,09,35,23,14.50,1719.00,-0007.23
21,07,21,09,35,25,14.50,1415.00,-0004.17
21,07,21,10,38,47,18.00,1132.00,-0001.33
21,07,21,10,38,49,16.50,1100.50,-0001.01
21,07,21,10,41,27,17.50,1159.00,-0001.60
21,07,21,10,41,29,16.00,1452.00,-0004.55
21,07,21,10,41,31,15.50,1210.50,-0002.12
21,07,21,10,41,49,15.00,1129.50,-0001.30
21,07,21,10,41,51,14.50,1292.00,-0002.94
21,07,21,10,41,53,14.50,1401.00,-0004.03
21,07,21,10,41,55,14.00,1221.00,-0002.22
21,07,21,11,20,19,17.00,1124.00,-0001.25
21,07,21,11,20,21,15.50,1430.50,-0004.33
21,07,21,11,20,23,15.00,1750.00,-0007.55
21,07,21,11,20,25,14.50,2098.00,-0011.05
21,07,21,11,20,27,14.50,2490.00,-0014.99
21,07,21,11,20,29,14.50,2855.50,-0018.67
21,07,21,11,20,31,14.00,2993.00,-0020.05
21,07,21,11,20,33,14.00,3143.00,-0021.56
21,07,21,11,20,35,14.00,3146.50,-0021.59
21,07,21,11,20,37,14.00,3131.50,-0021.44
21,07,21,11,20,39,14.00,2915.00,-0019.26
21,07,21,11,20,41,14.00,2787.00,-0017.98
21,07,21,11,20,43,14.00,2622.50,-0016.32
21,07,21,11,20,45,14.00,2462.00,-0014.71
21,07,21,11,20,47,13.50,2320.00,-0013.28
21,07,21,11,20,49,13.50,2126.50,-0011.33
21,07,21,11,20,51,13.50,1820.50,-0008.25
21,07,21,11,20,53,13.50,1559.50,-0005.63
21,07,21,11,20,55,13.50,1189.00,-0001.90
21,07,21,11,23,04,15.00,1425.50,-0004.28
21,07,21,11,23,06,14.50,1791.50,-0007.96
21,07,21,11,23,08,14.50,2171.00,-0011.78
21,07,21,11,23,10,14.00,2565.50,-0015.75
21,07,21,11,23,12,14.00,2964.00,-0019.76
21,07,21,11,23,14,14.00,3370.50,-0023.85
21,07,21,11,23,16,14.00,3760.00,-0027.77
21,07,21,11,23,18,14.00,4028.50,-0030.47
21,07,21,11,23,20,14.00,4331.00,-0033.51
21,07,21,11,23,22,14.00,4481.00,-0035.02
21,07,21,11,23,24,14.00,4510.00,-0035.31
21,07,21,11,23,26,14.00,4426.00,-0034.47
21,07,21,11,23,28,14.00,4264.00,-0032.84
21,07,21,11,23,30,14.00,4022.50,-0030.41
21,07,21,11,23,32,13.50,3800.00,-0028.17
21,07,21,11,23,34,13.50,3575.50,-0025.91
21,07,21,11,23,36,13.50,3336.00,-0023.50
21,07,21,11,23,38,13.50,3087.00,-0021.00
21,07,21,11,23,40,13.50,2831.00,-0018.42
21,07,21,11,23,42,13.50,2571.00,-0015.80
21,07,21,11,23,44,13.50,2301.50,-0013.09
21,07,21,11,23,46,13.50,2019.00,-0010.25
21,07,21,11,23,48,13.50,1719.50,-0007.24
21,07,21,11,23,50,13.50,1399.50,-0004.02
21,07,21,11,27,20,15.50,1350.00,-0003.52
21,07,21,11,27,22,15.00,1735.50,-0007.40
21,07,21,11,27,24,14.50,2130.50,-0011.37
21,07,21,11,27,26,14.50,2520.50,-0015.30
21,07,21,11,27,28,14.50,2925.00,-0019.37
21,07,21,11,27,30,14.50,3328.50,-0023.42
21,07,21,11,27,34,14.50,3541.00,-0025.56
21,07,21,11,27,36,14.00,3501.50,-0025.17
21,07,21,11,27,38,14.00,3346.50,-0023.61
21,07,21,11,27,40,14.00,3201.00,-0022.14
21,07,21,11,27,42,14.00,3029.50,-0020.42
21,07,21,11,27,44,14.00,2847.00,-0018.58
21,07,21,11,27,46,14.00,2674.00,-0016.84
21,07,21,11,27,48,13.50,2460.50,-0014.69
21,07,21,11,27,50,13.50,2311.50,-0013.19
21,07,21,11,27,52,13.50,2165.00,-0011.72
21,07,21,11,27,54,13.50,2005.00,-0010.11
21,07,21,11,27,56,13.50,1790.00,-0007.95
21,07,21,11,27,58,13.50,1465.00,-0004.68
21,07,21,11,28,00,13.50,1121.50,-0001.22
21,07,21,11,47,16,16.50,1198.00,-0001.99
21,07,21,11,47,18,15.50,1159.00,-0001.60
21,07,21,11,47,20,15.50,1120.50,-0001.21
21,07,21,11,48,58,16.50,1171.50,-0001.73
21,07,21,11,53,26,19.50,1146.50,-0001.47
21,07,21,11,53,28,17.50,1146.50,-0001.47
21,07,21,11,54,14,15.50,1244.00,-0002.45
21,07,21,11,54,16,15.00,1236.00,-0002.37
21,07,21,13,27,48,17.00,1114.50,-0001.15
21,07,21,13,27,56,16.00,1170.00,-0001.71
21,07,21,13,28,02,16.00,1187.50,-0001.89
21,07,21,13,28,04,15.50,1275.00,-0002.77
21,07,21,13,28,06,15.00,1318.50,-0003.20
21,07,21,13,28,08,15.00,1414.50,-0004.17
21,07,21,13,28,10,14.50,1378.00,-0003.80
21,07,21,13,28,12,14.50,1268.50,-0002.70
21,07,21,13,28,56,16.50,1107.00,-0001.08
21,07,21,13,28,58,16.00,1361.50,-0003.64
21,07,21,13,29,00,15.00,1493.50,-0004.96
21,07,21,13,29,02,15.00,1319.00,-0003.21
21,07,21,13,31,25,16.00,1249.50,-0002.51
21,07,21,13,31,27,15.50,1385.50,-0003.88
21,07,21,13,31,29,15.00,1364.50,-0003.67
21,07,21,13,31,31,15.00,1459.50,-0004.62
21,07,21,13,31,33,14.50,1440.50,-0004.43
21,07,21,13,31,35,14.50,1541.00,-0005.44
21,07,21,13,31,37,14.50,1502.50,-0005.06
21,07,21,13,31,39,14.50,1208.00,-0002.09
21,07,21,13,44,24,16.50,1326.50,-0003.28
21,07,21,13,44,26,15.50,1614.00,-0006.18
21,07,21,13,44,28,15.00,1938.00,-0009.44
21,07,21,13,44,30,14.50,2244.50,-0012.52
21,07,21,13,44,32,14.50,2177.00,-0011.84
21,07,21,13,44,34,14.50,1913.50,-0009.19
21,07,21,13,44,36,14.00,1843.50,-0008.49
21,07,21,13,44,38,14.00,2011.00,-0010.17
21,07,21,13,44,40,14.00,1987.00,-0009.93
21,07,21,13,44,42,14.00,1899.00,-0009.04
21,07,21,13,44,44,14.00,1709.00,-0007.13
21,07,21,13,44,46,14.00,1596.00,-0006.00
21,07,21,13,44,48,14.00,1270.50,-0002.72
21,07,21,13,46,37,17.00,1172.00,-0001.73
21,07,21,13,46,39,15.50,1564.50,-0005.68
21,07,21,13,46,41,15.00,1960.00,-0009.66
21,07,21,13,46,43,14.50,2330.50,-0013.38
21,07,21,13,46,45,14.00,2569.00,-0015.78
21,07,21,13,46,47,14.00,2309.50,-0013.17
21,07,21,13,46,49,14.00,2011.50,-0010.18
21,07,21,13,46,51,14.00,1680.50,-0006.85
21,07,21,13,46,53,13.50,1320.50,-0003.22
21,07,21,13,47,39,15.50,1388.50,-0003.91
21,07,21,13,47,41,14.50,1766.00,-0007.71
21,07,21,13,47,43,14.50,2162.50,-0011.69
21,07,21,13,47,45,14.00,2435.50,-0014.44
21,07,21,13,47,47,14.00,2400.50,-0014.09
21,07,21,13,47,49,14.00,2175.50,-0011.83
21,07,21,13,47,51,13.50,1859.50,-0008.65
21,07,21,13,47,53,13.50,1515.00,-0005.18
21,07,21,13,47,55,14.00,1142.00,-0001.43
21,07,21,14,12,53,17.50,1138.50,-0001.39
21,07,21,14,12,55,16.50,1384.00,-0003.86
21,07,21,14,12,57,16.00,1512.50,-0005.16
21,07,21,14,12,59,15.50,1514.00,-0005.17
21,07,21,14,13,01,15.50,1441.00,-0004.44
21,07,21,14,13,03,15.50,1518.50,-0005.22
21,07,21,14,13,05,15.00,1471.50,-0004.74
21,07,21,14,13,07,15.00,1494.00,-0004.97
21,07,21,14,13,09,15.00,1376.50,-0003.79
21,07,21,14,13,11,15.00,1321.50,-0003.23
21,07,21,14,13,13,15.00,1294.00,-0002.96
21,07,21,14,13,15,15.00,1230.50,-0002.32
21,07,21,14,13,17,15.00,1371.50,-0003.74
21,07,21,14,13,19,15.00,1402.00,-0004.04
21,07,21,14,13,21,15.00,1101.50,-0001.02
21,07,21,14,26,59,19.50,1119.00,-0001.20
21,07,21,14,27,01,17.50,1396.50,-0003.99
21,07,21,14,27,03,16.50,1491.00,-0004.94
21,07,21,14,27,05,16.00,1509.00,-0005.12
21,07,21,14,27,07,15.50,1818.50,-0008.23
21,07,21,14,27,09,15.00,1679.50,-0006.84
21,07,21,14,27,11,15.00,1421.50,-0004.24
21,07,21,14,32,03,19.50,1125.50,-0001.26
21,07,21,14,32,05,17.00,1466.00,-0004.69
21,07,21,14,32,07,16.00,1823.50,-0008.28
21,07,21,14,32,09,15.50,2175.00,-0011.82
21,07,21,14,32,11,15.00,2564.00,-0015.73
21,07,21,14,32,13,14.50,2548.50,-0015.58
21,07,21,14,32,15,14.50,2354.50,-0013.63
21,07,21,14,32,17,14.00,2400.00,-0014.08
21,07,21,14,32,19,14.00,2475.00,-0014.84
21,07,21,14,32,21,14.00,2665.00,-0016.75
21,07,21,14,32,23,14.00,2795.50,-0018.06
21,07,21,14,32,25,14.00,2767.50,-0017.78
21,07,21,14,32,27,14.00,2706.00,-0017.16
21,07,21,14,32,29,13.50,2743.50,-0017.54
21,07,21,14,32,31,13.50,2572.50,-0015.82
21,07,21,14,32,33,13.50,2276.50,-0012.84
21,07,21,14,32,35,13.50,1978.00,-0009.84
21,07,21,14,32,37,13.50,1661.50,-0006.65
21,07,21,14,32,39,14.00,1321.00,-0003.23
21,07,21,14,49,49,17.50,1136.00,-0001.37
21,07,21,14,49,51,16.50,1388.50,-0003.91
21,07,21,14,49,53,16.00,1567.00,-0005.70
21,07,21,14,49,55,15.00,1850.50,-0008.56
21,07,21,14,49,57,15.00,2003.00,-0010.09
21,07,21,14,49,59,14.50,2121.00,-0011.28
21,07,21,14,50,01,14.50,2227.50,-0012.35
21,07,21,14,50,03,14.00,2390.50,-0013.99
21,07,21,14,50,05,14.00,2544.50,-0015.54
21,07,21,14,50,07,14.00,2602.50,-0016.12
21,07,21,14,50,09,14.00,2497.00,-0015.06
21,07,21,14,50,11,14.00,2405.00,-0014.13
21,07,21,14,50,13,13.50,2135.50,-0011.42
21,07,21,14,50,15,13.50,1829.00,-0008.34
21,07,21,14,50,17,14.00,1513.50,-0005.17
21,07,21,14,50,19,14.50,1177.00,-0001.78
21,07,21,14,50,39,15.50,1163.00,-0001.64
21,07,21,14,50,41,15.00,1377.50,-0003.80
21,07,21,14,50,43,15.00,1660.50,-0006.64
21,07,21,14,50,45,14.50,2018.00,-0010.24
21,07,21,14,50,47,14.00,2401.50,-0014.10
21,07,21,14,50,49,14.00,2622.00,-0016.32
21,07,21,14,50,51,14.00,2850.00,-0018.61
21,07,21,14,50,53,13.50,2949.50,-0019.61
21,07,21,14,50,55,13.50,2812.00,-0018.23
21,07,21,14,50,57,13.50,2717.00,-0017.27
21,07,21,14,50,59,13.50,2521.00,-0015.30
21,07,21,14,51,01,13.50,2368.00,-0013.76
21,07,21,14,51,03,13.50,2148.50,-0011.55
21,07,21,14,51,05,13.50,1853.00,-0008.58
21,07,21,14,51,07,13.50,1543.50,-0005.47
21,07,21,14,51,09,14.00,1219.50,-0002.21
21,07,21,15,25,19,16.50,1351.00,-0003.53
21,07,21,15,25,21,16.00,1748.00,-0007.52
21,07,21,15,25,23,15.00,2118.50,-0011.25
21,07,21,15,25,25,14.50,2307.00,-0013.15
21,07,21,15,25,27,14.50,2087.50,-0010.94
21,07,21,15,25,29,14.50,1808.00,-0008.13
21,07,21,15,25,31,14.50,1605.50,-0006.09
21,07,21,15,25,33,15.00,1262.50,-0002.64
21,07,21,15,53,58,18.00,1120.00,-0001.21
21,07,21,15,54,00,17.00,1104.50,-0001.05
21,07,21,16,32,41,17.50,1176.00,-0001.77
21,07,21,16,32,43,16.50,1482.00,-0004.85
21,07,21,16,32,45,16.00,1400.50,-0004.03
21,07,21,16,32,47,16.00,1151.00,-0001.52
21,07,21,16,33,17,16.00,1247.00,-0002.48
21,07,21,16,33,19,15.50,1241.50,-0002.43
21,07,21,16,34,16,16.00,1295.00,-0002.97
21,07,21,16,34,18,15.50,1598.00,-0006.02
21,07,21,16,34,20,15.00,1913.00,-0009.18
21,07,21,16,34,22,14.50,2229.50,-0012.37
21,07,21,16,34,24,14.50,2375.50,-0013.84
21,07,21,16,34,26,14.00,2475.00,-0014.84
21,07,21,16,34,28,14.00,2675.00,-0016.85
21,07,21,16,34,30,14.00,2855.50,-0018.67
21,07,21,16,34,32,14.00,2949.50,-0019.61
21,07,21,16,34,34,13.50,3038.00,-0020.50
21,07,21,16,34,36,13.50,2937.00,-0019.49
21,07,21,16,34,38,13.50,2779.00,-0017.90
21,07,21,16,34,40,13.50,2467.00,-0014.76
21,07,21,16,34,42,13.50,2163.50,-0011.70
21,07,21,16,34,44,13.50,1849.50,-0008.55
21,07,21,16,34,46,14.00,1515.50,-0005.19
21,07,21,16,34,48,14.50,1160.00,-0001.61
21,07,21,16,38,56,17.00,1110.00,-0001.11
21,07,21,16,38,58,16.50,1183.00,-0001.84
21,07,21,16,39,00,16.00,1365.50,-0003.68
21,07,21,16,39,02,15.50,1614.00,-0006.18
21,07,21,16,39,04,15.00,1812.00,-0008.17
21,07,21,16,39,06,14.50,2058.50,-0010.65
21,07,21,16,39,08,14.50,2261.00,-0012.69
21,07,21,16,39,10,14.00,2470.50,-0014.79
21,07,21,16,39,12,14.00,2541.50,-0015.51
21,07,21,16,39,14,14.00,2680.00,-0016.90
21,07,21,16,39,16,14.00,2598.50,-0016.08
21,07,21,16,39,18,13.50,2469.50,-0014.78
21,07,21,16,39,20,13.50,2307.50,-0013.15
21,07,21,16,39,22,13.50,2115.50,-0011.22
21,07,21,16,39,24,13.50,1852.00,-0008.57
21,07,21,16,39,26,14.00,1580.00,-0005.83
21,07,21,16,39,28,14.00,1286.50,-0002.88
21,07,21,16,48,10,16.00,1370.00,-0003.72
21,07,21,16,48,12,15.50,1452.50,-0004.55
21,07,21,16,48,14,15.50,1392.00,-0003.94
21,07,21,16,51,04,16.50,1203.00,-0002.04
21,07,21,17,05,56,17.50,1129.50,-0001.30
21,07,21,17,05,58,16.00,1417.00,-0004.20
21,07,21,17,06,00,15.50,1728.00,-0007.32
21,07,21,17,06,02,15.00,2038.00,-0010.44
21,07,21,17,06,04,14.50,2084.50,-0010.91
21,07,21,17,06,06,14.50,2142.00,-0011.49
21,07,21,17,06,08,14.00,2262.50,-0012.70
21,07,21,17,06,10,14.00,2257.00,-0012.65
21,07,21,17,06,12,14.00,2085.00,-0010.92
21,07,21,17,06,14,14.00,1785.00,-0007.90
21,07,21,17,06,16,14.00,1452.50,-0004.55
21,07,21,17,07,24,16.50,1267.00,-0002.69
21,07,21,17,35,46,17.00,1187.00,-0001.88
21,07,21,17,35,48,16.00,1350.50,-0003.53
21,07,21,17,35,50,16.00,1494.50,-0004.97
21,07,21,17,35,52,15.50,1396.50,-0003.99
21,07,21,17,35,54,15.50,1372.50,-0003.75
21,07,21,17,35,56,15.50,1348.50,-0003.51
21,07,21,17,35,58,15.50,1318.00,-0003.20
21,07,21,17,36,00,15.50,1155.50,-0001.56
21,07,21,17,36,48,16.50,1187.00,-0001.88
21,07,21,17,36,50,16.00,1271.00,-0002.73
21,07,21,17,37,42,16.50,1176.00,-0001.77
21,07,21,17,37,44,16.00,1207.50,-0002.09
21,07,21,17,37,46,16.00,1205.00,-0002.06
21,07,21,17,40,30,15.50,1221.00,-0002.22
21,07,21,17,40,32,15.00,1345.50,-0003.48
21,07,21,17,40,34,14.50,1392.00,-0003.94
21,07,21,17,40,36,14.50,1768.50,-0007.73
21,07,21,17,40,37,14.00,1797.50,-0008.02
21,07,21,17,40,39,14.00,1707.00,-0007.11
21,07,21,17,40,41,14.00,1635.00,-0006.39
21,07,21,17,40,43,14.00,1569.50,-0005.73
21,07,21,17,40,45,14.00,1358.00,-0003.60
21,07,21,17,52,17,16.50,1177.50,-0001.79
21,07,21,17,52,19,16.00,1246.00,-0002.47
21,07,21,17,52,21,15.50,1366.50,-0003.69
21,07,21,17,52,23,15.00,1648.00,-0006.52
21,07,21,17,52,25,14.50,1805.00,-0008.10
21,07,21,17,52,27,14.50,1887.00,-0008.92
21,07,21,17,52,29,14.00,2017.50,-0010.24
21,07,21,17,52,31,14.00,1967.50,-0009.73
21,07,21,17,52,33,14.00,1735.00,-0007.39
21,07,21,17,52,35,14.00,1434.00,-0004.37
21,07,21,17,52,37,14.50,1105.50,-0001.06
21,07,21,18,35,53,16.50,1226.00,-0002.27
21,07,21,18,35,55,16.00,1409.50,-0004.12
21,07,21,18,35,57,15.50,1264.50,-0002.66
21,07,21,18,37,49,16.00,1114.50,-0001.15
