year,month,day,hour,minute,second,var1,pressure,depth
21,07,23,04,55,14,16.50,1253.00,-0002.55
21,07,23,04,55,16,15.50,1406.00,-0004.08
21,07,23,04,55,18,15.50,1392.00,-0003.94
21,07,23,04,55,20,15.00,1458.50,-0004.61
21,07,23,04,55,22,15.00,1613.00,-0006.17
21,07,23,04,55,24,15.00,1370.00,-0003.72
21,07,23,04,55,53,16.00,1138.00,-0001.39
21,07,23,04,55,55,15.50,1388.00,-0003.90
21,07,23,04,55,57,15.00,1569.50,-0005.73
21,07,23,04,55,59,15.00,1643.00,-0006.47
21,07,23,04,56,01,14.50,1325.00,-0003.27
21,07,23,04,57,43,16.50,1125.00,-0001.26
21,07,23,05,18,15,17.00,1253.00,-0002.55
21,07,23,05,18,17,16.50,1555.00,-0005.58
21,07,23,05,18,19,16.00,1807.50,-0008.12
21,07,23,05,18,21,15.50,2051.50,-0010.58
21,07,23,05,18,23,15.00,2281.00,-0012.89
21,07,23,05,18,25,15.00,2477.50,-0014.86
21,07,23,05,18,27,14.50,2551.50,-0015.61
21,07,23,05,18,29,14.50,2633.50,-0016.43
21,07,23,05,18,31,14.50,2688.00,-0016.98
21,07,23,05,18,33,14.50,2703.50,-0017.14
21,07,23,05,18,35,14.50,2696.50,-0017.07
21,07,23,05,18,37,14.50,2638.50,-0016.48
21,07,23,05,18,39,14.50,2539.50,-0015.49
21,07,23,05,18,41,14.00,2413.00,-0014.21
21,07,23,05,18,43,14.00,2365.00,-0013.73
21,07,23,05,18,45,14.00,2311.50,-0013.19
21,07,23,05,18,47,14.00,2249.50,-0012.57
21,07,23,05,18,49,14.00,2243.00,-0012.50
21,07,23,05,18,51,14.00,2197.50,-0012.05
21,07,23,05,18,53,14.00,1880.50,-0008.86
21,07,23,05,18,55,14.50,1532.50,-0005.36
21,07,23,05,18,57,15.00,1190.00,-0001.91
21,07,23,05,19,43,16.00,1240.50,-0002.42
21,07,23,05,19,45,16.00,1519.00,-0005.22
21,07,23,05,19,47,15.50,1826.00,-0008.31
21,07,23,05,19,49,15.00,2114.00,-0011.21
21,07,23,05,19,51,15.00,2368.00,-0013.76
21,07,23,05,19,53,14.50,2599.00,-0016.09
21,07,23,05,19,55,14.50,2697.00,-0017.07
21,07,23,05,19,57,14.50,2741.50,-0017.52
21,07,23,05,19,59,14.50,2799.00,-0018.10
21,07,23,05,20,01,14.50,2816.00,-0018.27
21,07,23,05,20,03,14.00,2776.00,-0017.87
21,07,23,05,20,05,14.00,2752.00,-0017.63
21,07,23,05,20,07,14.00,2627.50,-0016.37
21,07,23,05,20,09,14.00,2314.50,-0013.22
21,07,23,05,20,11,14.00,2027.00,-0010.33
21,07,23,05,20,13,14.00,1733.50,-0007.38
21,07,23,05,20,15,14.50,1420.00,-0004.23
21,07,23,05,21,03,16.00,1250.50,-0002.52
21,07,23,05,21,05,16.00,1475.50,-0004.78
21,07,23,05,21,07,15.50,1735.50,-0007.40
21,07,23,05,21,09,15.00,1968.00,-0009.74
21,07,23,05,21,11,15.00,1936.50,-0009.42
21,07,23,05,21,13,15.00,1636.50,-0006.40
21,07,23,05,21,15,15.00,1302.50,-0003.04
21,07,23,09,03,35,18.00,1309.00,-0003.11
21,07,23,09,03,37,17.00,1565.50,-0005.69
21,07,23,09,03,39,17.00,1381.50,-0003.84
21,07,23,09,04,49,17.50,1249.00,-0002.50
21,07,23,09,04,51,17.00,1593.00,-0005.97
21,07,23,09,04,53,16.00,1735.50,-0007.40
21,07,23,09,04,55,16.00,1431.00,-0004.34
21,07,23,09,06,05,17.50,1144.00,-0001.45
21,07,23,09,06,07,16.50,1456.50,-0004.59
21,07,23,09,06,09,16.00,1753.00,-0007.58
21,07,23,09,06,11,15.50,2076.00,-0010.82
21,07,23,09,06,13,15.50,2231.50,-0012.39
21,07,23,09,06,15,15.00,2193.50,-0012.01
21,07,23,09,06,17,15.00,2280.50,-0012.88
21,07,23,09,06,19,14.50,2208.50,-0012.16
21,07,23,09,06,21,14.50,2124.50,-0011.31
21,07,23,09,06,23,14.50,1963.50,-0009.69
21,07,23,09,06,25,14.50,1992.50,-0009.98
21,07,23,09,06,27,14.50,1828.00,-0008.33
21,07,23,09,06,29,14.50,1796.00,-0008.01
21,07,23,09,06,31,14.50,1608.00,-0006.12
21,07,23,09,06,33,15.00,1311.00,-0003.13
21,07,23,09,07,05,16.00,1325.50,-0003.27
21,07,23,09,07,07,15.50,1596.00,-0006.00
21,07,23,09,07,09,15.00,1832.00,-0008.37
21,07,23,09,07,11,15.00,1683.50,-0006.88
21,07,23,09,07,13,15.00,1559.00,-0005.62
21,07,23,09,07,15,15.00,1270.50,-0002.72
21,07,23,09,13,04,17.50,1329.50,-0003.31
21,07,23,09,13,06,16.50,1653.00,-0006.57
21,07,23,09,13,08,16.00,2010.50,-0010.17
21,07,23,09,13,10,15.50,2195.00,-0012.02
21,07,23,09,13,12,15.50,2235.50,-0012.43
21,07,23,09,13,14,15.00,2261.50,-0012.69
21,07,23,09,13,16,15.00,2269.50,-0012.77
21,07,23,09,13,18,15.00,2204.50,-0012.12
21,07,23,09,13,20,15.00,2168.50,-0011.76
21,07,23,09,13,22,14.50,2137.50,-0011.44
21,07,23,09,13,24,14.50,1897.00,-0009.02
21,07,23,09,13,26,14.50,1630.00,-0006.34
21,07,23,09,13,28,15.00,1332.00,-0003.34
21,07,23,12,12,57,17.00,1290.00,-0002.92
21,07,23,12,12,59,16.00,1223.00,-0002.24
21,07,23,13,38,59,20.00,1154.00,-0001.55
21,07,23,13,39,01,18.00,1506.50,-0005.10
21,07,23,13,39,03,17.00,1859.00,-0008.64
21,07,23,13,39,05,16.50,2194.00,-0012.01
21,07,23,13,39,07,16.00,2566.00,-0015.75
21,07,23,13,39,09,15.50,2967.00,-0019.79
21,07,23,13,39,11,15.00,2915.00,-0019.26
21,07,23,13,39,13,15.00,2756.00,-0017.67
21,07,23,13,39,15,14.50,2467.00,-0014.76
21,07,23,13,39,17,14.50,2269.50,-0012.77
21,07,23,13,39,19,14.50,2043.50,-0010.50
21,07,23,13,39,21,14.50,1789.50,-0007.94
21,07,23,13,39,23,14.00,1459.00,-0004.62
21,07,23,14,34,57,19.00,1191.50,-0001.93
21,07,23,14,34,59,17.50,1339.50,-0003.42
21,07,23,14,36,33,16.00,1370.00,-0003.72
21,07,23,14,36,35,15.50,1700.00,-0007.04
21,07,23,14,36,37,15.00,2056.50,-0010.63
21,07,23,14,36,39,15.00,2403.00,-0014.11
21,07,23,14,36,41,14.50,2444.00,-0014.53
21,07,23,14,36,43,14.50,2147.50,-0011.54
21,07,23,14,36,45,14.50,1837.50,-0008.43
21,07,23,14,36,47,14.00,1503.50,-0005.07
21,07,23,14,36,49,14.00,1146.50,-0001.47
21,07,23,16,38,52,17.00,1301.50,-0003.03
21,07,23,16,38,54,16.50,1587.50,-0005.91
21,07,23,16,38,56,16.00,1678.50,-0006.83
21,07,23,16,38,58,16.00,1809.50,-0008.14
21,07,23,16,39,00,15.50,1914.00,-0009.19
21,07,23,16,39,02,15.50,2014.00,-0010.20
21,07,23,16,39,04,15.50,1933.00,-0009.39
21,07,23,16,39,06,15.00,1952.50,-0009.58
21,07,23,16,39,08,15.00,1865.50,-0008.71
21,07,23,16,39,10,15.00,1599.50,-0006.03
21,07,23,16,39,12,15.00,1284.50,-0002.86
21,07,23,16,46,23,17.00,1211.50,-0002.13
21,07,23,16,46,25,16.50,1352.00,-0003.54
21,07,23,16,46,27,16.00,1378.50,-0003.81
21,07,23,16,46,29,15.50,1289.00,-0002.91
21,07,23,16,49,11,16.50,1112.00,-0001.13
21,07,23,16,49,13,16.00,1155.00,-0001.56
21,07,23,16,49,33,16.00,1141.50,-0001.42
21,07,23,16,49,35,15.50,1275.50,-0002.77
21,07,23,16,58,28,17.50,1280.50,-0002.82
21,07,23,16,58,30,16.50,1442.50,-0004.45
21,07,23,16,58,32,16.00,1416.00,-0004.18
21,07,23,16,58,34,16.00,1463.50,-0004.66
21,07,23,16,58,36,15.50,1377.00,-0003.79
21,07,23,18,11,52,16.00,1220.00,-0002.21
21,07,23,18,11,54,15.50,1321.00,-0003.23
21,07,23,18,15,47,16.00,1374.00,-0003.76
21,07,23,18,15,49,15.50,1597.50,-0006.01
21,07,23,18,15,51,15.00,1380.00,-0003.82
21,07,23,18,17,07,15.50,1127.00,-0001.28
21,07,23,18,17,29,15.50,1163.00,-0001.64
21,07,23,18,19,25,15.50,1246.50,-0002.48
21,07,23,18,19,27,15.00,1494.50,-0004.97
21,07,23,18,19,29,15.00,1459.00,-0004.62
21,07,23,18,19,31,15.00,1113.00,-0001.14
21,07,23,18,29,14,16.50,1227.50,-0002.29
21,07,23,18,29,16,16.00,1308.50,-0003.10
21,07,23,18,29,18,16.00,1245.00,-0002.46
21,07,23,18,30,04,15.50,1290.50,-0002.92
21,07,23,18,30,06,15.50,1319.50,-0003.21
21,07,23,18,30,08,15.00,1410.50,-0004.13
21,07,23,18,30,10,15.00,1171.50,-0001.73
21,07,23,18,36,54,17.50,1313.50,-0003.15
21,07,23,18,36,56,16.50,1263.50,-0002.65
21,07,23,18,36,58,16.00,1304.00,-0003.06
21,07,23,18,37,00,16.00,1272.00,-0002.74
21,07,23,18,37,02,15.50,1234.00,-0002.35
21,07,23,18,37,04,15.50,1298.50,-0003.00
21,07,23,18,37,06,15.50,1264.50,-0002.66
21,07,23,18,37,08,15.50,1167.00,-0001.68
21,07,23,18,37,14,15.50,1177.00,-0001.78
21,07,23,18,37,24,15.50,1207.50,-0002.09
21,07,23,18,37,26,15.50,1249.50,-0002.51
21,07,23,18,37,28,15.00,1234.00,-0002.35
21,07,23,18,37,43,15.50,1228.00,-0002.29
21,07,23,18,37,45,15.50,1208.50,-0002.10
21,07,23,18,38,05,15.50,1307.00,-0003.09
21,07,23,18,38,07,15.00,1392.50,-0003.95
21,07,23,18,38,09,15.00,1628.00,-0006.32
21,07,23,18,38,11,15.00,1700.50,-0007.05
21,07,23,18,38,13,14.50,1488.50,-0004.91
21,07,23,18,38,15,15.00,1160.50,-0001.61
21,07,23,18,38,31,15.00,1402.50,-0004.05
21,07,23,18,38,33,15.00,1471.00,-0004.74
21,07,23,18,38,35,15.00,1182.00,-0001.83
21,07,23,19,11,49,16.50,1205.50,-0002.07
21,07,23,19,11,51,16.00,1152.50,-0001.53
21,07,23,19,24,40,16.00,1343.00,-0003.45
21,07,23,19,24,42,15.50,1148.50,-0001.49
21,07,23,19,35,40,16.50,1109.00,-0001.10
21,07,23,19,35,42,16.00,1384.00,-0003.86
21,07,23,19,35,44,15.50,1535.50,-0005.39
21,07,23,19,35,46,15.50,1376.00,-0003.78
21,07,23,19,46,37,17.50,1106.00,-0001.07
21,07,23,19,46,39,16.50,1374.00,-0003.76
21,07,23,19,46,41,16.00,1442.00,-0004.45
21,07,23,19,46,43,16.00,1416.00,-0004.18
21,07,23,19,46,45,15.50,1476.00,-0004.79
21,07,23,19,46,47,15.50,1275.50,-0002.77
21,07,23,19,47,55,16.00,1222.50,-0002.24
21,07,23,19,47,57,15.50,1379.50,-0003.82
21,07,23,19,47,59,15.50,1499.50,-0005.02
21,07,23,19,48,01,15.00,1724.50,-0007.29
21,07,23,19,48,03,15.00,1853.50,-0008.59
21,07,23,19,48,05,15.00,1773.50,-0007.78
21,07,23,19,48,07,14.50,1524.50,-0005.28
21,07,23,19,48,09,15.00,1209.50,-0002.11
21,07,23,20,03,16,16.50,1179.00,-0001.80
21,07,23,20,03,18,16.00,1287.00,-0002.89
21,07,23,20,04,33,15.00,1130.50,-0001.31
21,07,23,20,04,35,15.00,1177.00,-0001.78
21,07,23,20,04,37,14.50,1230.50,-0002.32
21,07,23,20,04,39,14.50,1157.50,-0001.58
21,07,23,20,04,49,14.50,1176.00,-0001.77
21,07,23,20,04,55,14.50,1197.50,-0001.99
21,07,23,20,04,57,14.50,1216.50,-0002.18
21,07,23,20,05,07,14.50,1139.00,-0001.40
21,07,23,20,05,09,14.50,1142.50,-0001.43
21,07,23,20,05,29,14.50,1215.50,-0002.17
21,07,23,20,05,31,14.50,1318.50,-0003.20
21,07,23,20,05,33,14.50,1339.50,-0003.42
21,07,23,20,05,35,14.50,1359.50,-0003.62
21,07,23,20,05,37,14.50,1287.50,-0002.89
21,07,23,20,05,39,14.00,1317.50,-0003.19
21,07,23,20,05,41,14.00,1273.00,-0002.75
21,07,23,20,05,43,14.00,1214.00,-0002.15
21,07,23,20,05,57,14.50,1197.00,-0001.98
21,07,23,20,05,59,14.50,1277.00,-0002.79
21,07,23,20,06,01,14.50,1330.50,-0003.32
21,07,23,20,06,03,14.50,1353.50,-0003.56
21,07,23,20,06,05,14.50,1385.50,-0003.88
21,07,23,20,06,09,14.50,1464.00,-0004.67
21,07,23,20,06,11,14.50,1154.00,-0001.55
