year,month,day,hour,minute,second,var1,pressure,depth
21,07,23,06,16,51,17.50,1201.50,-0002.03
21,07,23,06,16,53,17.50,1264.50,-0002.66
21,07,23,06,16,55,17.50,1328.50,-0003.30
21,07,23,06,16,57,17.00,1290.50,-0002.92
21,07,23,06,16,59,17.00,1271.50,-0002.73
21,07,23,06,17,01,17.00,1155.50,-0001.56
21,07,23,06,17,03,17.00,1208.50,-0002.10
21,07,23,06,17,33,17.50,1136.00,-0001.37
21,07,23,06,17,35,17.00,1296.00,-0002.98
21,07,23,06,17,37,17.00,1624.00,-0006.28
21,07,23,06,17,39,16.50,1771.00,-0007.76
21,07,23,06,17,41,16.50,1653.50,-0006.57
21,07,23,06,17,43,16.50,1359.00,-0003.61
21,07,23,07,05,18,18.50,1115.50,-0001.16
21,07,23,07,05,20,18.50,1389.00,-0003.91
21,07,23,07,05,22,18.50,1706.50,-0007.11
21,07,23,07,05,24,18.00,1906.00,-0009.11
21,07,23,07,05,26,17.50,2004.00,-0010.10
21,07,23,07,05,28,17.00,2067.50,-0010.74
21,07,23,07,05,30,17.00,2029.50,-0010.36
21,07,23,07,05,32,17.00,1956.00,-0009.62
21,07,23,07,05,34,17.00,1962.00,-0009.68
21,07,23,07,05,36,17.50,1979.00,-0009.85
21,07,23,07,05,38,17.00,2040.50,-0010.47
21,07,23,07,05,40,16.50,1994.00,-0010.00
21,07,23,07,05,42,17.00,1824.50,-0008.29
21,07,23,07,05,44,17.50,1768.00,-0007.73
21,07,23,07,05,46,17.50,1663.00,-0006.67
21,07,23,07,05,48,17.50,1596.50,-0006.00
21,07,23,07,05,50,18.00,1701.50,-0007.06
21,07,23,07,05,52,18.00,1426.00,-0004.29
21,07,23,07,07,26,18.00,1224.00,-0002.25
21,07,23,07,07,28,18.00,1514.50,-0005.18
21,07,23,07,07,30,18.00,1662.00,-0006.66
21,07,23,07,07,32,18.00,1719.00,-0007.23
21,07,23,07,07,34,18.00,1713.50,-0007.18
21,07,23,07,07,36,18.00,1547.00,-0005.50
21,07,23,07,07,38,18.00,1566.50,-0005.70
21,07,23,07,07,40,18.00,1555.00,-0005.58
21,07,23,07,07,42,18.00,1601.50,-0006.05
21,07,23,07,07,44,18.00,1532.00,-0005.35
21,07,23,07,07,46,18.00,1447.50,-0004.50
21,07,23,07,07,48,18.00,1474.50,-0004.77
21,07,23,07,07,50,18.00,1191.50,-0001.93
21,07,23,07,08,16,18.50,1355.50,-0003.58
21,07,23,07,08,18,18.50,1629.00,-0006.33
21,07,23,07,08,20,18.00,1879.00,-0008.84
21,07,23,07,08,22,17.50,2009.00,-0010.15
21,07,23,07,08,24,17.50,2007.50,-0010.14
21,07,23,07,08,26,17.00,2099.50,-0011.06
21,07,23,07,08,28,17.00,2012.50,-0010.19
21,07,23,07,08,30,17.50,1756.50,-0007.61
21,07,23,07,08,32,17.50,1418.00,-0004.21
21,07,23,07,22,13,19.00,1197.50,-0001.99
21,07,23,07,22,15,19.00,1480.50,-0004.83
21,07,23,07,22,17,18.50,1697.50,-0007.02
21,07,23,07,22,19,18.50,1938.50,-0009.44
21,07,23,07,22,21,18.50,2155.00,-0011.62
21,07,23,07,22,23,18.00,2292.00,-0013.00
21,07,23,07,22,25,17.00,2419.00,-0014.28
21,07,23,07,22,27,16.50,2427.50,-0014.36
21,07,23,07,22,29,16.00,2655.50,-0016.65
21,07,23,07,22,31,16.00,2520.00,-0015.29
21,07,23,07,22,33,16.00,2240.50,-0012.48
21,07,23,07,22,35,17.00,1936.00,-0009.42
21,07,23,07,22,37,17.00,1620.00,-0006.24
21,07,23,07,22,39,17.50,1296.50,-0002.98
21,07,23,07,42,59,19.50,1215.00,-0002.16
21,07,23,07,43,01,19.00,1503.00,-0005.06
21,07,23,07,43,02,19.00,1630.50,-0006.34
21,07,23,07,43,04,18.50,1833.50,-0008.39
21,07,23,07,43,06,18.00,1936.50,-0009.42
21,07,23,07,43,08,17.50,1943.00,-0009.49
21,07,23,07,43,10,17.00,1898.50,-0009.04
21,07,23,07,43,12,17.00,1849.50,-0008.55
21,07,23,07,43,14,17.50,1794.50,-0007.99
21,07,23,07,43,16,17.50,1742.00,-0007.46
21,07,23,07,43,18,17.50,1691.50,-0006.96
21,07,23,07,43,20,17.50,1633.50,-0006.37
21,07,23,07,43,22,18.00,1581.00,-0005.84
21,07,23,07,43,24,18.00,1528.00,-0005.31
21,07,23,07,43,26,18.00,1471.00,-0004.74
21,07,23,07,43,28,18.00,1351.00,-0003.53
21,07,23,09,24,18,20.00,1393.00,-0003.95
21,07,23,09,24,20,20.00,1716.00,-0007.20
21,07,23,09,24,22,19.00,1865.50,-0008.71
21,07,23,09,24,24,19.00,1703.00,-0007.07
21,07,23,09,24,26,19.50,1369.50,-0003.72
21,07,23,09,24,28,19.50,1179.00,-0001.80
21,07,23,09,36,38,20.00,1484.00,-0004.87
21,07,23,09,36,40,19.50,1877.00,-0008.82
21,07,23,09,36,42,18.50,2184.50,-0011.92
21,07,23,09,36,44,17.50,2289.00,-0012.97
21,07,23,09,36,46,17.00,2264.50,-0012.72
21,07,23,09,36,48,17.00,2384.00,-0013.92
21,07,23,09,36,50,16.50,2479.50,-0014.88
21,07,23,09,36,52,16.00,2534.50,-0015.44
21,07,23,09,36,54,16.00,2429.50,-0014.38
21,07,23,09,36,56,16.00,2174.00,-0011.81
21,07,23,09,36,58,16.50,1882.50,-0008.88
21,07,23,09,37,00,17.50,1572.00,-0005.75
21,07,23,09,37,02,18.00,1236.00,-0002.37
21,07,23,10,07,22,19.50,1156.00,-0001.57
21,07,23,10,07,24,19.50,1461.00,-0004.64
21,07,23,10,07,26,19.00,1771.50,-0007.76
21,07,23,10,07,28,18.00,2055.50,-0010.62
21,07,23,10,07,30,17.50,2105.50,-0011.12
21,07,23,10,07,32,17.00,2005.50,-0010.12
21,07,23,10,07,34,17.50,1756.50,-0007.61
21,07,23,10,07,36,18.50,1439.00,-0004.42
21,07,23,10,34,22,21.00,1299.00,-0003.01
21,07,23,10,34,24,20.50,1228.50,-0002.30
21,07,23,10,47,51,21.00,1184.00,-0001.85
21,07,23,10,47,53,20.50,1451.00,-0004.54
21,07,23,10,47,55,20.00,1584.50,-0005.88
21,07,23,10,47,57,19.50,1736.50,-0007.41
21,07,23,10,47,59,19.00,1717.00,-0007.21
21,07,23,10,48,01,19.00,1626.00,-0006.30
21,07,23,10,48,03,19.50,1553.50,-0005.57
21,07,23,10,48,05,19.00,1653.50,-0006.57
21,07,23,10,48,07,19.00,1550.50,-0005.54
21,07,23,10,48,09,19.00,1819.00,-0008.24
21,07,23,10,48,11,18.00,2126.50,-0011.33
21,07,23,10,48,13,17.00,2352.00,-0013.60
21,07,23,10,48,15,16.50,2395.00,-0014.03
21,07,23,10,48,17,16.00,2355.50,-0013.64
21,07,23,10,48,19,16.00,2278.50,-0012.86
21,07,23,10,48,21,15.50,2232.50,-0012.40
21,07,23,10,48,23,15.50,2298.50,-0013.06
21,07,23,10,48,25,15.50,2282.50,-0012.90
21,07,23,10,48,27,15.50,2078.50,-0010.85
21,07,23,10,48,29,16.00,1791.00,-0007.96
21,07,23,10,48,31,17.00,1479.50,-0004.82
21,07,23,10,48,33,18.00,1144.00,-0001.45
21,07,23,18,34,24,21.50,1135.00,-0001.36
21,07,23,18,34,26,20.50,1482.50,-0004.85
21,07,23,18,34,28,20.00,1800.00,-0008.05
21,07,23,18,34,30,19.50,1913.00,-0009.18
21,07,23,18,34,32,19.00,1935.00,-0009.41
21,07,23,18,34,34,18.00,2137.50,-0011.44
21,07,23,18,34,36,17.50,2093.50,-0011.00
21,07,23,18,34,38,17.00,2160.00,-0011.67
21,07,23,18,34,40,17.00,2030.50,-0010.37
21,07,23,18,34,42,17.00,2003.00,-0010.09
21,07,23,18,34,44,17.50,1757.50,-0007.62
21,07,23,18,34,46,18.00,1459.50,-0004.62
21,07,23,18,35,26,20.00,1258.00,-0002.60
21,07,23,18,35,28,20.00,1538.50,-0005.42
21,07,23,18,35,30,19.00,1888.00,-0008.93
21,07,23,18,35,32,18.00,2223.00,-0012.30
21,07,23,18,35,34,17.00,2562.50,-0015.72
21,07,23,18,35,36,16.50,2586.50,-0015.96
21,07,23,18,35,38,16.00,2597.50,-0016.07
21,07,23,18,35,40,15.50,2633.00,-0016.43
21,07,23,18,35,42,15.50,2659.50,-0016.69
21,07,23,18,35,44,15.00,2636.50,-0016.46
21,07,23,18,35,46,15.00,2638.50,-0016.48
21,07,23,18,35,48,15.00,2665.00,-0016.75
21,07,23,18,35,50,14.50,2659.00,-0016.69
21,07,23,18,35,52,14.50,2669.00,-0016.79
21,07,23,18,35,54,14.50,2674.00,-0016.84
21,07,23,18,35,56,14.50,2571.00,-0015.80
21,07,23,18,35,58,15.00,2315.50,-0013.23
21,07,23,18,36,00,15.50,2009.50,-0010.16
21,07,23,18,36,02,16.00,1697.50,-0007.02
21,07,23,18,36,04,17.50,1376.50,-0003.79
21,07,23,18,42,59,20.50,1361.50,-0003.64
21,07,23,18,43,01,20.00,1743.00,-0007.47
21,07,23,18,43,03,18.50,2174.00,-0011.81
21,07,23,18,43,05,17.50,2587.00,-0015.97
21,07,23,18,43,07,16.50,2537.50,-0015.47
21,07,23,18,43,09,16.00,2327.00,-0013.35
21,07,23,18,43,11,16.50,2091.50,-0010.98
21,07,23,18,43,13,17.00,1872.50,-0008.78
21,07,23,18,43,15,17.50,1563.50,-0005.67
21,07,23,18,43,17,18.50,1239.00,-0002.40
21,07,24,04,27,27,18.00,1291.50,-0002.93
21,07,24,04,27,29,18.00,1122.00,-0001.23
21,07,24,05,45,48,18.00,1166.50,-0001.67
21,07,24,05,45,50,18.00,1181.00,-0001.82
21,07,24,05,45,52,18.50,1223.50,-0002.25
21,07,24,05,45,54,18.50,1293.00,-0002.95
21,07,24,05,45,56,18.50,1281.00,-0002.83
21,07,24,05,45,58,18.50,1312.00,-0003.14
21,07,24,05,46,00,18.50,1271.00,-0002.73
21,07,24,05,46,08,18.50,1142.50,-0001.43
21,07,24,05,46,10,19.00,1346.50,-0003.49
21,07,24,05,46,12,19.00,1420.50,-0004.23
21,07,24,05,46,14,19.00,1415.50,-0004.18
21,07,24,05,46,16,19.00,1411.50,-0004.14
21,07,24,05,46,18,19.00,1286.50,-0002.88
21,07,24,05,46,48,18.50,1233.50,-0002.35
21,07,24,05,46,50,18.50,1418.50,-0004.21
21,07,24,05,46,52,18.50,1648.00,-0006.52
21,07,24,05,46,54,18.00,1729.50,-0007.34
21,07,24,05,46,56,18.00,1503.50,-0005.07
21,07,24,05,46,58,18.50,1152.00,-0001.53
21,07,24,05,47,10,18.50,1207.00,-0002.08
21,07,24,05,47,12,18.50,1484.00,-0004.87
21,07,24,05,47,14,18.50,1620.00,-0006.24
21,07,24,05,47,16,18.00,1766.50,-0007.71
21,07,24,05,47,18,17.50,1799.00,-0008.04
21,07,24,05,47,20,17.00,1796.00,-0008.01
21,07,24,05,47,22,17.00,1840.50,-0008.46
21,07,24,05,47,24,17.00,1529.00,-0005.32
21,07,24,05,47,26,18.00,1182.00,-0001.83
21,07,24,05,48,18,18.50,1206.50,-0002.08
21,07,24,05,48,20,18.50,1411.00,-0004.13
21,07,24,05,48,22,18.50,1534.50,-0005.38
21,07,24,05,48,24,18.00,1664.00,-0006.68
21,07,24,05,48,26,18.00,1594.50,-0005.98
21,07,24,05,48,28,17.50,1638.00,-0006.42
21,07,24,05,48,30,18.00,1586.50,-0005.90
21,07,24,05,48,32,17.50,1703.50,-0007.08
21,07,24,05,48,34,18.00,1424.50,-0004.27
21,07,24,05,49,14,18.00,1188.50,-0001.90
21,07,24,05,49,16,18.50,1281.50,-0002.83
21,07,24,05,49,42,18.50,1192.00,-0001.93
21,07,24,05,50,42,18.50,1120.00,-0001.21
21,07,24,05,50,44,18.50,1296.50,-0002.98
21,07,24,05,52,26,18.50,1184.50,-0001.86
21,07,24,05,52,28,18.50,1499.00,-0005.02
21,07,24,05,52,30,18.00,1784.00,-0007.89
21,07,24,05,52,32,17.50,2014.50,-0010.21
21,07,24,05,52,34,16.50,2124.50,-0011.31
21,07,24,05,52,36,16.00,2208.50,-0012.16
21,07,24,05,52,38,16.00,2308.50,-0013.16
21,07,24,05,52,40,15.50,2206.50,-0012.14
21,07,24,05,52,42,15.50,1950.00,-0009.56
21,07,24,05,52,44,16.00,1672.50,-0006.77
21,07,24,05,52,46,17.00,1368.00,-0003.70
21,07,24,05,53,22,18.00,1282.50,-0002.84
21,07,24,05,53,24,18.50,1542.00,-0005.45
21,07,24,05,53,26,18.50,1574.50,-0005.78
21,07,24,05,53,28,18.50,1402.00,-0004.04
21,07,24,05,54,50,18.50,1150.00,-0001.51
21,07,24,05,54,52,19.00,1548.50,-0005.52
21,07,24,05,54,54,18.00,1878.50,-0008.84
21,07,24,05,54,56,17.50,2020.00,-0010.26
21,07,24,05,54,58,17.50,1775.50,-0007.80
21,07,24,05,55,00,17.50,1619.50,-0006.23
21,07,24,05,55,02,18.00,1345.00,-0003.47
21,07,24,05,56,09,18.50,1137.50,-0001.38
21,07,24,05,56,11,18.50,1360.00,-0003.62
21,07,24,05,56,13,18.50,1487.00,-0004.90
21,07,24,05,56,15,18.50,1503.50,-0005.07
21,07,24,05,56,17,18.50,1242.00,-0002.43
21,07,24,05,57,26,18.50,1416.50,-0004.19
21,07,24,05,57,28,18.50,1752.00,-0007.57
21,07,24,05,57,30,17.50,1963.50,-0009.69
21,07,24,05,57,32,17.00,1986.50,-0009.92
21,07,24,05,57,34,16.50,2119.50,-0011.26
21,07,24,05,57,36,16.00,2273.50,-0012.81
21,07,24,05,57,38,15.50,2557.50,-0015.67
21,07,24,05,57,40,15.00,2623.50,-0016.33
21,07,24,05,57,42,14.50,2737.50,-0017.48
21,07,24,05,57,44,14.50,2467.50,-0014.76
21,07,24,05,57,46,14.50,2198.50,-0012.06
21,07,24,05,57,48,15.00,1928.00,-0009.34
21,07,24,05,57,50,16.00,1635.00,-0006.39
21,07,24,05,57,52,17.00,1319.50,-0003.21
21,07,24,06,10,28,18.00,1118.50,-0001.19
21,07,24,06,10,30,18.50,1409.50,-0004.12
21,07,24,06,10,32,18.50,1247.50,-0002.49
21,07,24,06,10,52,18.50,1104.50,-0001.05
21,07,24,06,10,54,19.00,1321.50,-0003.23
21,07,24,06,10,56,19.00,1482.00,-0004.85
21,07,24,06,10,58,18.50,1614.00,-0006.18
21,07,24,06,11,00,18.00,1621.00,-0006.25
21,07,24,06,11,02,17.50,1706.00,-0007.10
21,07,24,06,11,04,17.00,1917.00,-0009.23
21,07,24,06,11,06,17.00,1786.00,-0007.91
21,07,24,06,11,08,17.00,1673.50,-0006.78
21,07,24,06,11,10,17.50,1336.50,-0003.39
21,07,24,06,11,48,18.00,1166.50,-0001.67
21,07,24,06,11,50,18.50,1501.00,-0005.04
21,07,24,06,11,52,17.50,1831.50,-0008.36
21,07,24,06,11,54,17.00,2058.00,-0010.64
21,07,24,06,11,56,16.00,2313.00,-0013.21
21,07,24,06,11,58,15.00,2548.50,-0015.58
21,07,24,06,12,00,15.00,2270.50,-0012.78
21,07,24,06,12,02,15.00,1998.50,-0010.04
21,07,24,06,12,04,15.50,1714.00,-0007.18
21,07,24,06,12,06,16.50,1406.50,-0004.09
21,07,24,06,12,08,17.50,1135.50,-0001.36
21,07,24,06,14,14,18.50,1141.50,-0001.42
21,07,24,06,14,36,18.50,1374.50,-0003.77
21,07,24,06,14,38,19.00,1643.50,-0006.47
21,07,24,06,14,40,18.50,1722.50,-0007.27
21,07,24,06,14,42,18.50,1548.00,-0005.51
21,07,24,06,14,44,18.50,1335.00,-0003.37
21,07,24,06,16,39,18.50,1299.00,-0003.01
21,07,24,06,16,41,18.50,1528.50,-0005.32
21,07,24,06,16,43,18.00,1552.00,-0005.55
21,07,24,06,16,45,18.00,1454.50,-0004.57
21,07,24,06,16,47,18.00,1289.50,-0002.91
21,07,24,06,19,03,18.50,1121.50,-0001.22
21,07,24,06,19,05,18.50,1422.00,-0004.25
21,07,24,06,19,07,18.00,1713.50,-0007.18
21,07,24,06,19,09,17.50,1981.00,-0009.87
21,07,24,06,19,11,16.50,2299.00,-0013.07
21,07,24,06,19,13,15.50,2698.00,-0017.08
21,07,24,06,19,15,15.00,2552.00,-0015.61
21,07,24,06,19,17,15.00,2270.00,-0012.78
21,07,24,06,19,19,15.00,1988.50,-0009.94
21,07,24,06,19,21,15.50,1696.00,-0007.00
21,07,24,06,19,23,16.50,1385.00,-0003.87
21,07,24,06,26,18,18.50,1311.00,-0003.13
21,07,24,06,26,20,18.50,1538.00,-0005.41
21,07,24,06,26,22,18.50,1578.00,-0005.81
21,07,24,06,26,24,18.50,1735.50,-0007.40
21,07,24,06,26,26,18.00,1814.50,-0008.19
21,07,24,06,26,28,18.00,1802.50,-0008.07
21,07,24,06,26,30,17.00,1954.50,-0009.60
21,07,24,06,26,31,17.00,1815.00,-0008.20
21,07,24,06,26,33,17.50,1833.00,-0008.38
21,07,24,06,26,35,17.50,1721.00,-0007.25
21,07,24,06,26,37,18.00,1632.00,-0006.36
21,07,24,06,26,39,18.50,1542.00,-0005.45
21,07,24,06,26,41,18.50,1229.50,-0002.31
21,07,24,06,27,06,18.50,1130.50,-0001.31
21,07,24,06,27,08,18.50,1395.00,-0003.97
21,07,24,06,27,10,18.50,1586.00,-0005.90
21,07,24,06,27,12,18.50,1647.50,-0006.51
21,07,24,06,27,14,18.50,1738.00,-0007.42
21,07,24,06,27,16,18.00,1758.50,-0007.63
21,07,24,06,27,18,18.50,1722.50,-0007.27
21,07,24,06,27,20,18.00,1739.00,-0007.43
21,07,24,06,27,22,18.50,1617.50,-0006.21
21,07,24,06,27,24,18.50,1304.00,-0003.06
21,07,24,06,28,12,18.50,1377.50,-0003.80
21,07,24,06,28,14,18.50,1572.00,-0005.75
21,07,24,06,28,16,18.50,1610.50,-0006.14
21,07,24,06,28,18,18.50,1724.50,-0007.29
21,07,24,06,28,20,18.00,1685.00,-0006.89
21,07,24,06,28,22,18.50,1689.50,-0006.94
21,07,24,06,28,24,18.50,1635.00,-0006.39
21,07,24,06,28,26,18.50,1349.00,-0003.51
21,07,24,06,45,42,18.50,1281.50,-0002.83
21,07,24,06,45,44,19.00,1517.50,-0005.21
21,07,24,06,45,46,19.00,1736.50,-0007.41
21,07,24,06,45,48,18.00,1896.50,-0009.02
21,07,24,06,45,50,17.50,1899.50,-0009.05
21,07,24,06,45,52,17.00,1760.50,-0007.65
21,07,24,06,45,54,18.50,1453.00,-0004.56
21,07,24,06,45,56,18.50,1126.50,-0001.27
21,07,24,06,48,49,18.50,1235.00,-0002.36
21,07,24,06,48,51,18.50,1485.00,-0004.88
21,07,24,06,48,53,19.00,1662.00,-0006.66
21,07,24,06,48,55,18.00,1771.50,-0007.76
21,07,24,06,48,57,18.50,1544.50,-0005.48
21,07,24,06,48,59,19.00,1177.50,-0001.79
21,07,24,06,58,44,19.00,1140.00,-0001.41
21,07,24,06,58,46,19.00,1332.00,-0003.34
21,07,24,06,58,48,19.50,1222.50,-0002.24
21,07,24,06,59,14,19.00,1182.00,-0001.83
21,07,24,07,05,40,18.00,1124.00,-0001.25
21,07,24,07,05,42,18.50,1134.50,-0001.35
21,07,24,07,07,07,19.00,1233.50,-0002.35
21,07,24,07,07,09,19.50,1467.00,-0004.70
21,07,24,07,07,11,19.50,1543.00,-0005.46
21,07,24,07,07,13,19.50,1329.50,-0003.31
21,07,24,07,50,46,20.00,1202.00,-0002.03
21,07,24,07,50,48,20.00,1106.00,-0001.07
21,07,24,07,50,56,20.00,1202.00,-0002.03
21,07,24,07,50,58,20.00,1179.00,-0001.80
21,07,24,08,01,09,19.50,1180.50,-0001.82
21,07,24,08,01,11,19.50,1230.00,-0002.31
21,07,24,08,01,13,19.50,1551.50,-0005.55
21,07,24,08,01,15,19.50,1523.50,-0005.27
21,07,24,08,01,17,19.50,1496.50,-0004.99
21,07,24,08,01,19,19.50,1366.00,-0003.68
21,07,24,08,15,07,19.50,1130.50,-0001.31
21,07,24,08,15,09,19.50,1347.00,-0003.49
21,07,24,08,15,11,19.50,1318.50,-0003.20
21,07,24,08,49,01,19.50,1209.50,-0002.11
21,07,24,08,49,03,19.50,1419.00,-0004.22
21,07,24,08,49,05,19.50,1333.00,-0003.35
21,07,24,08,59,41,19.00,1351.00,-0003.53
21,07,24,08,59,43,19.00,1775.00,-0007.80
21,07,24,08,59,45,19.00,1760.00,-0007.65
21,07,24,08,59,47,19.00,1957.50,-0009.63
21,07,24,08,59,49,19.00,1988.50,-0009.94
21,07,24,08,59,51,18.50,1660.50,-0006.64
21,07,24,08,59,53,18.50,1336.00,-0003.38
21,07,24,09,00,13,19.00,1260.00,-0002.62
21,07,24,09,00,15,18.50,1451.50,-0004.54
21,07,24,09,00,17,18.50,1616.50,-0006.20
21,07,24,09,00,19,18.50,1860.50,-0008.66
21,07,24,09,00,21,18.50,2089.00,-0010.96
21,07,24,09,00,23,18.50,1837.00,-0008.42
21,07,24,09,00,25,18.50,1523.00,-0005.26
21,07,24,09,00,27,18.50,1201.50,-0002.03
21,07,24,09,01,15,18.50,1386.00,-0003.88
21,07,24,09,01,17,18.50,1660.00,-0006.64
21,07,24,09,01,19,18.50,1742.00,-0007.46
21,07,24,09,01,21,18.50,1692.50,-0006.97
21,07,24,09,01,23,18.50,1590.00,-0005.94
21,07,24,09,01,25,18.50,1559.00,-0005.62
21,07,24,09,01,27,18.50,1636.00,-0006.40
21,07,24,09,01,29,18.50,1622.00,-0006.26
21,07,24,09,01,31,18.50,1605.50,-0006.09
21,07,24,09,01,33,18.50,1544.00,-0005.47
21,07,24,09,01,35,18.50,1565.50,-0005.69
21,07,24,09,01,37,18.50,1743.50,-0007.48
21,07,24,09,01,39,18.50,1526.00,-0005.29
21,07,24,09,01,41,18.50,1606.00,-0006.10
21,07,24,09,01,43,18.50,1646.00,-0006.50
21,07,24,09,01,45,18.50,1606.50,-0006.10
21,07,24,09,01,47,18.50,1321.50,-0003.23
21,07,24,09,02,17,19.00,1138.50,-0001.39
21,07,24,09,02,19,19.00,1354.50,-0003.57
21,07,24,09,02,21,19.00,1561.50,-0005.65
21,07,24,09,02,23,19.00,1504.00,-0005.07
21,07,24,09,02,25,19.00,1542.50,-0005.46
21,07,24,09,02,27,18.50,1320.00,-0003.22
21,07,24,09,02,29,18.50,1254.00,-0002.56
21,07,24,09,02,31,18.50,1156.50,-0001.57
21,07,24,09,02,33,18.50,1280.50,-0002.82
21,07,24,09,02,35,18.50,1215.00,-0002.16
21,07,24,09,03,31,18.50,1307.00,-0003.09
21,07,24,09,03,33,18.50,1576.50,-0005.80
21,07,24,09,03,35,18.50,1685.00,-0006.89
21,07,24,09,03,37,18.50,1426.00,-0004.29
21,07,24,09,03,39,18.50,1100.50,-0001.01
21,07,24,09,03,51,18.50,1143.50,-0001.44
21,07,24,09,03,59,18.50,1268.50,-0002.70
21,07,24,09,04,01,18.50,1522.50,-0005.26
21,07,24,09,04,03,18.50,1654.00,-0006.58
21,07,24,09,04,05,18.50,1934.50,-0009.40
21,07,24,09,04,07,18.50,1799.00,-0008.04
21,07,24,09,04,09,18.50,1614.00,-0006.18
21,07,24,09,04,11,18.50,1364.00,-0003.66
21,07,24,09,05,53,18.50,1173.50,-0001.75
21,07,24,09,05,55,18.50,1378.00,-0003.80
21,07,24,09,05,57,18.50,1270.00,-0002.72
21,07,24,09,06,11,18.50,1150.00,-0001.51
21,07,24,09,06,13,18.50,1389.00,-0003.91
21,07,24,09,06,15,18.50,1660.50,-0006.64
21,07,24,09,06,17,18.50,1539.00,-0005.42
21,07,24,09,06,19,18.50,1218.50,-0002.20
21,07,24,09,09,29,19.00,1312.50,-0003.14
21,07,24,09,09,31,19.00,1106.50,-0001.07
21,07,24,09,09,55,18.50,1178.00,-0001.79
21,07,24,10,50,20,20.50,1283.00,-0002.85
21,07,24,10,57,21,19.00,1319.00,-0003.21
21,07,24,10,57,23,19.00,1419.50,-0004.22
21,07,24,10,57,25,19.00,1472.00,-0004.75
21,07,24,10,57,27,19.00,1503.00,-0005.06
21,07,24,10,57,29,19.00,1612.00,-0006.16
21,07,24,10,57,31,19.00,1646.00,-0006.50
21,07,24,10,57,33,19.00,1515.50,-0005.19
21,07,24,10,57,35,19.00,1206.50,-0002.08
21,07,24,10,58,09,19.00,1270.50,-0002.72
21,07,24,10,58,11,19.00,1546.50,-0005.50
21,07,24,10,58,13,19.00,1570.00,-0005.73
21,07,24,10,58,15,19.00,1697.50,-0007.02
21,07,24,10,58,17,19.00,1733.00,-0007.37
21,07,24,10,58,19,19.00,1733.50,-0007.38
21,07,24,10,58,21,19.00,1415.00,-0004.17
21,07,24,10,59,57,19.00,1298.00,-0003.00
21,07,24,10,59,59,19.00,1562.00,-0005.65
21,07,24,11,00,01,19.00,1806.00,-0008.11
21,07,24,11,00,03,19.00,1924.50,-0009.30
21,07,24,11,00,05,19.00,1909.50,-0009.15
21,07,24,11,00,07,19.00,1890.50,-0008.96
21,07,24,11,00,09,19.00,1952.50,-0009.58
21,07,24,11,00,11,19.00,1926.00,-0009.32
21,07,24,11,00,13,19.00,1950.00,-0009.56
21,07,24,11,00,15,19.00,1994.00,-0010.00
21,07,24,11,00,17,19.00,1990.00,-0009.96
21,07,24,11,00,19,19.00,2035.50,-0010.42
21,07,24,11,00,21,18.50,1972.00,-0009.78
21,07,24,11,00,23,19.00,1769.50,-0007.74
21,07,24,11,00,25,19.00,1522.50,-0005.26
21,07,24,11,00,27,19.00,1174.50,-0001.76
21,07,24,11,00,45,19.00,1405.50,-0004.08
21,07,24,11,00,47,19.00,1760.00,-0007.65
21,07,24,11,00,49,19.00,2103.00,-0011.10
21,07,24,11,00,51,18.00,2418.00,-0014.27
21,07,24,11,00,53,17.50,2446.50,-0014.55
21,07,24,11,00,55,17.00,2477.00,-0014.86
21,07,24,11,00,57,17.00,2499.00,-0015.08
21,07,24,11,00,59,16.50,2570.50,-0015.80
21,07,24,11,01,01,16.50,2612.00,-0016.22
21,07,24,11,01,03,16.00,2629.00,-0016.39
21,07,24,11,01,05,16.00,2581.00,-0015.90
21,07,24,11,01,07,16.00,2752.00,-0017.63
21,07,24,11,01,09,15.50,2734.00,-0017.44
21,07,24,11,01,11,15.50,2697.00,-0017.07
21,07,24,11,01,13,15.50,2362.50,-0013.71
21,07,24,11,01,15,16.50,2047.00,-0010.53
21,07,24,11,01,17,17.50,1732.00,-0007.36
21,07,24,11,01,19,18.00,1402.00,-0004.04
21,07,24,11,29,41,20.50,1108.00,-0001.09
21,07,24,11,29,43,20.50,1155.50,-0001.56
21,07,24,11,29,45,20.00,1476.00,-0004.79
21,07,24,11,29,47,20.00,1449.50,-0004.52
21,07,24,11,29,49,20.00,1204.50,-0002.06
21,07,24,11,29,51,20.00,1109.50,-0001.10
21,07,24,11,29,55,20.00,1124.00,-0001.25
21,07,24,11,30,07,19.50,1100.50,-0001.01
21,07,24,11,30,19,19.50,1174.00,-0001.75
21,07,24,11,32,17,20.50,1139.00,-0001.40
21,07,24,11,32,19,20.00,1262.50,-0002.64
21,07,24,11,32,21,20.00,1266.00,-0002.68
21,07,24,11,32,23,20.00,1239.50,-0002.41
21,07,24,11,32,47,19.50,1108.00,-0001.09
21,07,24,11,32,55,19.50,1407.00,-0004.09
21,07,24,11,32,57,19.50,1616.50,-0006.20
21,07,24,11,32,59,19.50,1662.50,-0006.66
21,07,24,11,33,01,19.50,1358.00,-0003.60
21,07,24,11,33,37,19.50,1150.00,-0001.51
21,07,24,11,33,39,19.50,1374.00,-0003.76
21,07,24,11,33,41,19.50,1512.00,-0005.15
21,07,24,11,33,43,19.50,1336.00,-0003.38
21,07,24,11,34,29,19.50,1362.00,-0003.64
21,07,24,11,34,31,19.50,1679.50,-0006.84
21,07,24,11,34,33,19.50,2033.00,-0010.39
21,07,24,11,34,35,19.00,1783.00,-0007.88
21,07,24,11,34,37,19.50,1506.50,-0005.10
21,07,24,11,34,39,19.50,1235.50,-0002.37
21,07,24,11,37,23,20.00,1246.50,-0002.48
21,07,24,11,37,25,20.00,1324.50,-0003.26
21,07,24,11,37,27,20.00,1319.00,-0003.21
21,07,24,11,37,29,20.00,1184.00,-0001.85
21,07,24,11,38,59,20.00,1342.50,-0003.45
21,07,24,11,39,01,20.00,1167.00,-0001.68
21,07,24,11,39,03,20.00,1179.50,-0001.81
21,07,24,15,49,00,20.50,1174.00,-0001.75
21,07,24,15,49,02,20.00,1339.00,-0003.41
21,07,24,15,49,04,19.50,1147.00,-0001.48
21,07,24,15,56,14,18.50,1205.50,-0002.07
21,07,24,15,56,16,18.00,1198.50,-0002.00
21,07,24,15,56,18,18.00,1216.00,-0002.17
21,07,24,15,56,30,18.00,1108.00,-0001.09
21,07,24,15,56,32,18.00,1248.00,-0002.49
21,07,24,15,56,34,18.00,1338.50,-0003.41
21,07,24,15,56,36,18.00,1402.50,-0004.05
21,07,24,15,56,38,18.00,1132.00,-0001.33
21,07,24,16,08,26,18.00,1246.00,-0002.47
21,07,24,16,08,28,18.00,1160.00,-0001.61
21,07,24,16,08,36,17.50,1239.50,-0002.41
21,07,24,16,08,38,17.50,1176.50,-0001.78
21,07,24,16,09,00,17.50,1218.00,-0002.19
21,07,24,16,09,02,17.50,1282.50,-0002.84
21,07,24,16,09,08,17.50,1101.00,-0001.02
21,07,24,16,09,10,17.50,1305.00,-0003.07
21,07,24,16,09,12,17.50,1314.50,-0003.16
21,07,24,16,09,44,17.50,1230.00,-0002.31
21,07,24,16,09,46,17.50,1254.00,-0002.56
21,07,24,16,09,48,17.50,1191.50,-0001.93
21,07,24,16,10,38,17.50,1183.50,-0001.85
21,07,24,16,10,40,17.50,1184.00,-0001.85
21,07,24,16,11,04,17.50,1232.50,-0002.34
21,07,24,16,11,06,17.50,1149.00,-0001.50
21,07,24,16,56,34,18.00,1160.00,-0001.61
21,07,24,16,56,36,17.50,1273.50,-0002.75
21,07,24,16,56,38,17.00,1390.00,-0003.92
21,07,24,16,56,40,17.00,1292.00,-0002.94
21,07,24,16,57,30,17.00,1245.00,-0002.46
21,07,24,16,57,32,16.50,1338.00,-0003.40
21,07,24,16,57,34,16.50,1277.50,-0002.79
21,07,24,16,57,36,16.50,1193.50,-0001.95
21,07,24,16,57,42,16.00,1201.00,-0002.02
21,07,24,16,57,44,16.00,1247.00,-0002.48
21,07,24,16,57,46,16.00,1319.00,-0003.21
21,07,24,16,57,48,16.00,1490.00,-0004.93
21,07,24,16,57,50,16.00,1309.50,-0003.11
21,07,24,16,57,58,16.00,1102.50,-0001.03
21,07,24,16,58,00,16.00,1215.50,-0002.17
21,07,24,16,58,02,16.00,1305.00,-0003.07
21,07,24,16,58,04,16.00,1383.00,-0003.85
21,07,24,16,58,06,16.00,1233.00,-0002.34
21,07,24,16,58,20,16.00,1248.50,-0002.50
21,07,24,16,58,22,16.00,1476.50,-0004.79
21,07,24,16,58,24,16.00,1660.50,-0006.64
21,07,24,16,58,26,16.00,1674.00,-0006.78
21,07,24,16,58,28,16.00,1766.50,-0007.71
21,07,24,16,58,30,16.00,1560.00,-0005.63
21,07,24,16,58,32,16.00,1235.00,-0002.36
21,07,24,16,59,01,16.50,1253.50,-0002.55
21,07,24,16,59,03,16.00,1400.50,-0004.03
21,07,24,16,59,05,16.00,1385.50,-0003.88
21,07,24,16,59,07,16.00,1538.50,-0005.42
21,07,24,16,59,09,16.00,1424.50,-0004.27
21,07,24,16,59,11,16.00,1283.00,-0002.85
21,07,24,16,59,21,16.00,1109.50,-0001.10
21,07,24,16,59,23,16.00,1205.50,-0002.07
21,07,24,16,59,25,16.00,1464.00,-0004.67
21,07,24,16,59,27,16.00,1479.50,-0004.82
21,07,24,16,59,29,16.00,1297.50,-0002.99
21,07,24,16,59,31,16.00,1267.50,-0002.69
21,07,24,16,59,59,16.00,1246.00,-0002.47
21,07,24,17,00,01,16.00,1382.00,-0003.84
21,07,24,17,00,03,16.00,1501.50,-0005.05
21,07,24,17,00,05,16.00,1568.00,-0005.71
21,07,24,17,00,07,16.00,1641.00,-0006.45
21,07,24,17,00,09,16.00,1580.00,-0005.83
21,07,24,17,00,11,16.00,1489.00,-0004.92
21,07,24,17,00,13,16.00,1343.50,-0003.46
21,07,24,17,03,17,16.50,1197.50,-0001.99
21,07,24,17,03,19,16.50,1331.00,-0003.33
21,07,24,17,03,21,16.50,1451.50,-0004.54
21,07,24,17,03,23,16.00,1694.00,-0006.98
21,07,24,17,03,25,16.00,1956.00,-0009.62
21,07,24,17,03,27,16.00,2052.00,-0010.58
21,07,24,17,03,29,16.00,2182.50,-0011.90
21,07,24,17,03,31,16.00,2221.50,-0012.29
21,07,24,17,03,33,16.00,2140.00,-0011.47
21,07,24,17,03,35,16.00,1944.00,-0009.50
21,07,24,17,03,37,16.00,1683.50,-0006.88
21,07,24,17,03,39,16.00,1359.50,-0003.62
21,07,24,17,06,45,16.50,1294.00,-0002.96
21,07,24,17,06,47,16.50,1560.50,-0005.64
21,07,24,17,06,49,16.00,1649.50,-0006.53
21,07,24,17,06,51,16.00,1406.00,-0004.08
21,07,24,17,08,01,16.50,1239.00,-0002.40
21,07,24,17,08,03,16.50,1193.50,-0001.95
21,07,24,17,10,25,16.50,1147.50,-0001.48
21,07,24,17,10,33,16.00,1176.00,-0001.77
21,07,24,17,10,35,16.00,1238.00,-0002.39
21,07,24,18,09,57,17.50,1147.50,-0001.48
21,07,24,18,09,59,17.50,1313.00,-0003.15
21,07,24,18,10,01,17.00,1401.50,-0004.04
21,07,24,18,10,03,17.00,1672.00,-0006.76
21,07,24,18,10,05,16.50,2066.00,-0010.72
21,07,24,18,10,07,16.50,2365.00,-0013.73
21,07,24,18,10,09,16.00,2585.00,-0015.95
21,07,24,18,10,11,16.00,2286.00,-0012.94
21,07,24,18,10,13,16.00,2004.00,-0010.10
21,07,24,18,10,15,16.00,1697.50,-0007.02
21,07,24,18,10,17,16.00,1374.50,-0003.77
21,07,24,18,11,17,17.00,1244.50,-0002.46
21,07,24,18,11,19,17.00,1283.50,-0002.85
21,07,24,18,11,47,17.00,1197.50,-0001.99
21,07,24,18,11,49,16.50,1554.00,-0005.57
21,07,24,18,11,51,16.50,1794.00,-0007.99
21,07,24,18,11,53,16.50,1672.00,-0006.76
21,07,24,18,11,55,16.50,1658.00,-0006.62
21,07,24,18,11,57,16.50,1404.50,-0004.07
21,07,24,18,15,09,16.50,1300.50,-0003.02
21,07,24,18,51,21,19.00,1109.00,-0001.10
21,07,24,18,51,27,19.00,1153.50,-0001.54
21,07,24,18,53,09,19.00,1209.00,-0002.10
21,07,24,18,53,11,19.00,1189.00,-0001.90
21,07,24,18,53,15,19.00,1152.50,-0001.53
21,07,24,19,18,48,18.00,1236.00,-0002.37
21,07,24,19,18,50,18.50,1379.00,-0003.81
21,07,24,19,18,52,18.50,1316.50,-0003.18
21,07,24,19,18,54,19.00,1270.50,-0002.72
21,07,24,19,18,56,19.00,1274.50,-0002.76
21,07,24,19,19,08,19.00,1209.50,-0002.11
21,07,24,19,19,10,19.00,1300.00,-0003.02
21,07,24,19,19,12,19.00,1317.50,-0003.19
21,07,24,19,19,14,19.00,1346.50,-0003.49
21,07,24,19,19,16,19.00,1345.50,-0003.48
21,07,24,19,19,18,19.00,1402.50,-0004.05
21,07,24,19,19,20,19.00,1128.00,-0001.29
21,07,24,19,19,40,19.00,1258.00,-0002.60
21,07,24,19,19,42,19.00,1236.50,-0002.38
21,07,24,19,19,44,19.00,1163.50,-0001.64
21,07,24,19,19,46,19.00,1208.00,-0002.09
21,07,24,19,20,00,19.00,1222.00,-0002.23
21,07,24,19,20,02,19.00,1437.00,-0004.40
21,07,24,19,20,04,19.00,1404.00,-0004.06
21,07,24,19,20,06,19.00,1419.50,-0004.22
21,07,24,19,20,08,19.00,1442.50,-0004.45
21,07,24,19,20,10,19.00,1492.50,-0004.95
21,07,24,19,20,12,19.00,1530.50,-0005.34
21,07,24,19,20,14,19.00,1589.00,-0005.93
21,07,24,19,20,16,19.00,1605.00,-0006.09
21,07,24,19,20,18,19.00,1464.00,-0004.67
21,07,24,19,20,20,19.00,1355.50,-0003.58
21,07,24,19,21,11,19.00,1319.50,-0003.21
21,07,24,19,21,13,19.00,1548.00,-0005.51
21,07,24,19,21,15,19.00,1511.50,-0005.15
21,07,24,19,21,17,19.00,1667.00,-0006.71
21,07,24,19,21,19,19.00,1737.50,-0007.42
21,07,24,19,21,21,19.00,1780.50,-0007.85
21,07,24,19,21,23,19.00,1933.50,-0009.39
21,07,24,19,21,25,19.00,2155.50,-0011.62
21,07,24,19,21,27,17.50,2292.00,-0013.00
21,07,24,19,21,29,17.00,2340.50,-0013.49
21,07,24,19,21,31,16.50,2401.50,-0014.10
21,07,24,19,21,33,16.50,2205.00,-0012.12
21,07,24,19,21,35,17.50,1945.50,-0009.51
21,07,24,19,21,37,18.00,1696.50,-0007.01
21,07,24,19,21,39,18.50,1382.50,-0003.85
21,07,24,19,22,21,19.00,1273.50,-0002.75
21,07,24,19,22,23,19.00,1485.00,-0004.88
21,07,24,19,22,25,19.00,1748.00,-0007.52
21,07,24,19,22,27,19.00,1955.00,-0009.61
21,07,24,19,22,29,18.00,2349.50,-0013.58
21,07,24,19,22,31,17.00,2600.00,-0016.10
21,07,24,19,22,33,16.00,2549.50,-0015.59
21,07,24,19,22,35,16.00,2332.00,-0013.40
21,07,24,19,22,37,17.00,2018.50,-0010.25
21,07,24,19,22,39,18.00,1928.00,-0009.34
21,07,24,19,22,41,18.50,1642.00,-0006.46
21,07,24,19,22,43,18.50,1406.00,-0004.08
21,07,24,19,22,45,18.50,1112.50,-0001.13
21,07,25,06,09,00,16.00,1130.50,-0001.31
21,07,25,06,09,12,16.50,1113.00,-0001.14
21,07,25,06,09,14,16.50,1335.00,-0003.37
21,07,25,06,09,16,17.00,1375.00,-0003.77
21,07,25,06,09,18,17.00,1489.50,-0004.92
21,07,25,06,09,20,16.50,1559.50,-0005.63
21,07,25,06,09,22,17.00,1444.50,-0004.47
21,07,25,06,09,24,17.00,1390.00,-0003.92
21,07,25,06,09,26,17.00,1294.00,-0002.96
21,07,25,06,09,34,17.00,1228.50,-0002.30
21,07,25,06,09,36,17.00,1381.00,-0003.83
21,07,25,06,09,38,17.00,1420.00,-0004.23
21,07,25,06,09,40,17.00,1668.50,-0006.73
21,07,25,06,09,42,16.50,1903.50,-0009.09
21,07,25,06,09,44,16.00,2110.00,-0011.17
21,07,25,06,09,46,15.50,2297.00,-0013.05
21,07,25,06,09,48,15.50,2315.00,-0013.23
21,07,25,06,09,50,15.50,2229.00,-0012.36
21,07,25,06,09,52,15.00,1926.00,-0009.32
21,07,25,06,09,54,15.50,1607.50,-0006.11
21,07,25,06,09,56,16.00,1273.00,-0002.75
21,07,25,06,10,30,16.50,1143.50,-0001.44
21,07,25,06,10,32,16.50,1413.00,-0004.15
21,07,25,06,10,34,16.50,1694.00,-0006.98
21,07,25,06,10,36,16.00,1997.50,-0010.03
21,07,25,06,10,38,15.50,1996.50,-0010.02
21,07,25,06,10,40,15.50,1704.00,-0007.08
21,07,25,06,10,42,16.00,1381.00,-0003.83
21,07,25,06,13,50,16.00,1236.00,-0002.37
21,07,25,06,13,52,16.50,1371.50,-0003.74
21,07,25,06,13,54,16.50,1498.00,-0005.01
21,07,25,06,13,56,16.50,1574.00,-0005.77
21,07,25,06,13,58,17.00,1662.00,-0006.66
21,07,25,06,14,00,17.00,1675.50,-0006.80
21,07,25,06,14,02,17.00,1522.00,-0005.25
21,07,25,06,14,04,17.00,1556.50,-0005.60
21,07,25,06,14,06,17.00,1685.50,-0006.90
21,07,25,06,14,08,17.00,1601.00,-0006.05
21,07,25,06,14,10,17.00,1441.00,-0004.44
21,07,25,06,14,12,17.00,1102.50,-0001.03
21,07,25,06,14,26,17.00,1246.00,-0002.47
21,07,25,06,15,18,16.50,1199.00,-0002.00
21,07,25,06,15,20,16.50,1530.50,-0005.34
21,07,25,06,15,22,16.50,1485.50,-0004.88
21,07,25,06,15,24,17.00,1180.00,-0001.81
21,07,25,06,16,02,16.50,1241.00,-0002.42
21,07,25,06,16,04,16.50,1363.00,-0003.65
21,07,25,06,16,06,16.50,1109.00,-0001.10
21,07,25,06,16,40,16.00,1317.00,-0003.19
21,07,25,06,16,42,16.00,1685.50,-0006.90
21,07,25,06,16,44,15.50,1973.50,-0009.79
21,07,25,06,16,46,15.50,1942.00,-0009.48
21,07,25,06,16,48,15.00,2104.00,-0011.11
21,07,25,06,16,49,15.00,2216.00,-0012.23
21,07,25,06,16,51,15.00,2590.00,-0016.00
21,07,25,06,16,53,15.00,2951.00,-0019.63
21,07,25,06,16,55,14.50,3219.50,-0022.33
21,07,25,06,16,57,14.50,3155.00,-0021.68
21,07,25,06,16,59,14.50,2815.00,-0018.26
21,07,25,06,17,01,14.50,2494.00,-0015.03
21,07,25,06,17,03,14.50,2196.00,-0012.03
21,07,25,06,17,05,14.50,1888.50,-0008.94
21,07,25,06,17,07,15.00,1573.00,-0005.76
21,07,25,06,17,09,16.00,1243.50,-0002.45
21,07,25,06,19,00,15.50,1335.00,-0003.37
21,07,25,06,19,02,16.00,1561.50,-0005.65
21,07,25,06,19,04,16.00,1771.50,-0007.76
21,07,25,06,19,06,16.00,2032.50,-0010.39
21,07,25,06,19,08,15.50,1940.00,-0009.46
21,07,25,06,19,10,16.00,1628.00,-0006.32
21,07,25,06,19,12,16.50,1278.50,-0002.80
21,07,25,06,20,10,16.50,1286.00,-0002.88
21,07,25,06,20,12,16.50,1481.50,-0004.84
21,07,25,06,20,14,16.50,1566.50,-0005.70
21,07,25,06,20,16,16.50,1718.50,-0007.23
21,07,25,06,20,18,16.50,1650.00,-0006.54
21,07,25,06,20,20,16.50,1485.50,-0004.88
21,07,25,06,20,22,16.50,1207.50,-0002.09
21,07,25,06,20,26,17.00,1204.50,-0002.06
21,07,25,06,20,28,17.00,1153.00,-0001.54
21,07,25,06,20,48,16.50,1252.50,-0002.54
21,07,25,06,20,50,17.00,1527.00,-0005.30
21,07,25,06,20,52,16.00,1807.50,-0008.12
21,07,25,06,20,54,15.50,1891.00,-0008.96
21,07,25,06,20,56,15.50,1869.00,-0008.74
21,07,25,06,20,58,15.50,1983.00,-0009.89
21,07,25,06,21,00,15.00,1816.50,-0008.21
21,07,25,06,21,02,15.00,1657.50,-0006.61
21,07,25,06,21,04,16.00,1335.00,-0003.37
21,07,25,06,21,34,16.50,1238.00,-0002.39
21,07,25,06,21,36,16.50,1502.50,-0005.06
21,07,25,06,21,38,16.50,1728.50,-0007.33
21,07,25,06,21,40,16.00,1914.50,-0009.20
21,07,25,06,21,42,15.50,1852.50,-0008.58
21,07,25,06,21,44,15.50,1593.50,-0005.97
21,07,25,06,21,46,16.00,1262.50,-0002.64
21,07,25,06,22,47,16.00,1105.00,-0001.06
21,07,25,06,22,49,16.50,1370.50,-0003.73
21,07,25,06,22,51,16.50,1238.00,-0002.39
21,07,25,06,26,29,15.50,1147.00,-0001.48
21,07,25,06,26,31,16.00,1341.50,-0003.44
21,07,25,06,26,33,16.50,1364.00,-0003.66
21,07,25,06,26,49,16.50,1335.50,-0003.38
21,07,25,06,26,51,16.50,1722.50,-0007.27
21,07,25,06,26,53,16.00,2110.50,-0011.17
21,07,25,06,26,55,15.50,2498.50,-0015.07
21,07,25,06,26,57,15.50,2763.50,-0017.74
21,07,25,06,26,59,15.00,3171.50,-0021.85
21,07,25,06,27,01,14.50,3355.50,-0023.70
21,07,25,06,27,03,14.50,3431.00,-0024.46
21,07,25,06,27,05,14.50,3506.50,-0025.22
21,07,25,06,27,07,14.50,3269.00,-0022.83
21,07,25,06,27,09,14.50,2973.00,-0019.85
21,07,25,06,27,11,14.50,2703.50,-0017.14
21,07,25,06,27,13,14.50,2431.00,-0014.40
21,07,25,06,27,15,14.50,2147.50,-0011.54
21,07,25,06,27,17,14.50,1859.50,-0008.65
21,07,25,06,27,19,15.50,1559.50,-0005.63
21,07,25,06,27,21,16.00,1244.00,-0002.45
21,07,25,06,33,09,16.00,1315.00,-0003.17
21,07,25,06,33,11,16.50,1685.50,-0006.90
21,07,25,06,33,13,16.00,2083.50,-0010.90
21,07,25,06,33,15,15.50,2259.50,-0012.67
21,07,25,06,33,17,15.00,2427.50,-0014.36
21,07,25,06,33,19,15.00,2499.50,-0015.08
21,07,25,06,33,21,15.00,2572.00,-0015.81
21,07,25,06,33,23,14.50,2843.00,-0018.54
21,07,25,06,33,25,14.50,2917.50,-0019.29
21,07,25,06,33,27,14.50,2851.00,-0018.62
21,07,25,06,33,29,14.50,2752.50,-0017.63
21,07,25,06,33,31,14.50,2585.50,-0015.95
21,07,25,06,33,33,14.50,2348.00,-0013.56
21,07,25,06,33,35,14.50,2072.00,-0010.78
21,07,25,06,33,37,15.00,1779.00,-0007.84
21,07,25,06,33,39,15.50,1466.50,-0004.69
21,07,25,06,33,41,16.00,1134.00,-0001.35
21,07,25,06,34,23,16.50,1210.00,-0002.11
21,07,25,06,34,25,17.00,1508.50,-0005.12
21,07,25,06,34,27,16.50,1636.50,-0006.40
21,07,25,06,34,29,16.50,1557.00,-0005.60
21,07,25,06,34,31,17.00,1228.00,-0002.29
21,07,25,06,36,33,16.50,1179.00,-0001.80
21,07,25,06,36,35,17.00,1499.50,-0005.02
21,07,25,06,36,37,16.50,1852.00,-0008.57
21,07,25,06,36,39,16.00,2208.50,-0012.16
21,07,25,06,36,41,15.50,2256.50,-0012.64
21,07,25,06,36,43,15.50,2272.50,-0012.80
21,07,25,06,36,45,15.50,2422.50,-0014.31
21,07,25,06,36,47,15.00,2514.00,-0015.23
21,07,25,06,36,49,15.00,2341.50,-0013.50
21,07,25,06,36,51,15.00,2112.50,-0011.19
21,07,25,06,36,53,15.50,1816.00,-0008.21
21,07,25,06,36,55,16.00,1497.00,-0005.00
21,07,25,06,36,57,16.50,1145.50,-0001.46
21,07,25,06,38,55,16.00,1311.00,-0003.13
21,07,25,06,38,57,16.00,1574.00,-0005.77
21,07,25,06,38,59,16.00,1906.00,-0009.11
21,07,25,06,39,01,16.00,2221.00,-0012.28
21,07,25,06,39,03,15.50,2519.00,-0015.28
21,07,25,06,39,05,15.00,2805.50,-0018.16
21,07,25,06,39,07,15.00,2691.50,-0017.02
21,07,25,06,39,09,15.00,2381.00,-0013.89
21,07,25,06,39,11,15.00,2057.50,-0010.64
21,07,25,06,39,13,15.50,1758.50,-0007.63
21,07,25,06,39,15,16.00,1436.00,-0004.39
21,07,25,06,59,53,16.00,1204.00,-0002.05
21,07,25,06,59,55,16.50,1442.00,-0004.45
21,07,25,06,59,57,16.50,1648.50,-0006.52
21,07,25,06,59,59,16.50,1599.00,-0006.03
21,07,25,07,00,01,16.50,1764.00,-0007.69
21,07,25,07,00,03,16.00,1676.00,-0006.80
21,07,25,07,00,05,16.50,1583.50,-0005.87
21,07,25,07,00,07,16.50,1572.50,-0005.76
21,07,25,07,00,09,16.50,1487.00,-0004.90
21,07,25,07,00,11,16.50,1414.00,-0004.16
21,07,25,07,00,13,17.00,1367.50,-0003.70
21,07,25,07,00,33,17.00,1444.50,-0004.47
21,07,25,07,00,35,16.50,1701.00,-0007.05
21,07,25,07,00,37,16.00,2007.50,-0010.14
21,07,25,07,00,39,15.50,2212.00,-0012.19
21,07,25,07,00,41,15.50,2154.50,-0011.61
21,07,25,07,00,43,15.00,2249.50,-0012.57
21,07,25,07,00,45,15.00,1961.00,-0009.67
21,07,25,07,00,47,15.50,1644.50,-0006.48
21,07,25,07,00,49,16.00,1370.00,-0003.72
21,07,25,07,02,36,16.00,1193.00,-0001.94
21,07,25,07,02,38,16.50,1464.00,-0004.67
21,07,25,07,02,40,16.50,1573.50,-0005.77
21,07,25,07,02,42,16.50,1369.00,-0003.71
21,07,25,07,04,40,16.50,1429.00,-0004.32
21,07,25,07,04,42,16.50,1766.00,-0007.71
21,07,25,07,04,44,16.00,2035.50,-0010.42
21,07,25,07,04,46,15.50,2237.50,-0012.45
21,07,25,07,04,48,15.50,2446.00,-0014.55
21,07,25,07,04,50,15.00,2475.00,-0014.84
21,07,25,07,04,52,15.00,2189.00,-0011.96
21,07,25,07,04,54,15.00,1998.00,-0010.04
21,07,25,07,04,56,15.00,1856.50,-0008.62
21,07,25,07,04,58,15.50,1550.50,-0005.54
21,07,25,07,05,00,16.00,1228.50,-0002.30
21,07,25,07,05,02,16.50,1153.00,-0001.54
21,07,25,07,19,53,17.00,1324.50,-0003.26
21,07,25,07,19,55,17.00,1631.50,-0006.35
21,07,25,07,19,57,16.50,1854.00,-0008.59
21,07,25,07,19,59,16.50,2027.00,-0010.33
21,07,25,07,20,01,16.00,2080.00,-0010.86
21,07,25,07,20,03,15.50,2099.50,-0011.06
21,07,25,07,20,05,15.50,2208.50,-0012.16
21,07,25,07,20,07,15.50,2068.00,-0010.74
21,07,25,07,20,09,15.50,1992.00,-0009.98
21,07,25,07,20,11,15.50,1878.00,-0008.83
21,07,25,07,20,13,15.50,1754.50,-0007.59
21,07,25,07,20,15,16.00,1484.00,-0004.87
21,07,25,07,20,17,16.50,1152.00,-0001.53
21,07,25,07,22,51,16.00,1330.00,-0003.32
21,07,25,07,22,53,16.50,1445.00,-0004.48
21,07,25,07,22,55,16.50,1568.50,-0005.72
21,07,25,07,22,57,16.50,1385.00,-0003.87
21,07,25,07,22,59,16.50,1532.00,-0005.35
21,07,25,07,23,01,16.50,1498.00,-0005.01
21,07,25,07,23,03,17.00,1599.50,-0006.03
21,07,25,07,23,05,16.50,1531.50,-0005.35
21,07,25,07,23,07,17.00,1305.50,-0003.07
21,07,25,07,23,09,17.00,1291.50,-0002.93
21,07,25,07,23,11,17.00,1176.50,-0001.78
21,07,25,07,23,27,17.00,1168.50,-0001.70
21,07,25,07,23,29,17.00,1351.00,-0003.53
21,07,25,07,23,31,17.00,1435.00,-0004.38
21,07,25,07,23,33,17.00,1433.00,-0004.36
21,07,25,07,23,35,17.00,1473.50,-0004.76
21,07,25,07,23,37,17.00,1445.50,-0004.48
21,07,25,07,23,39,17.00,1434.50,-0004.37
21,07,25,07,23,41,17.00,1460.00,-0004.63
21,07,25,07,23,43,17.00,1295.50,-0002.97
21,07,25,07,23,45,17.00,1165.00,-0001.66
21,07,25,07,23,47,17.00,1184.00,-0001.85
21,07,25,07,24,13,17.00,1290.50,-0002.92
21,07,25,07,24,15,17.00,1568.00,-0005.71
21,07,25,07,24,17,16.50,1957.00,-0009.63
21,07,25,07,24,19,16.00,2212.00,-0012.19
21,07,25,07,24,21,15.50,2270.00,-0012.78
21,07,25,07,24,23,15.00,2404.50,-0014.13
21,07,25,07,24,25,15.00,2594.00,-0016.04
21,07,25,07,24,27,15.00,2806.00,-0018.17
21,07,25,07,24,29,14.50,3030.00,-0020.42
21,07,25,07,24,31,14.50,3230.00,-0022.43
21,07,25,07,24,33,14.50,3242.50,-0022.56
21,07,25,07,24,35,14.00,2966.00,-0019.78
21,07,25,07,24,37,14.00,2726.00,-0017.36
21,07,25,07,24,39,14.00,2478.50,-0014.87
21,07,25,07,24,41,14.50,2214.50,-0012.22
21,07,25,07,24,43,14.50,1937.00,-0009.43
21,07,25,07,24,45,15.00,1649.50,-0006.53
21,07,25,07,24,47,16.00,1351.50,-0003.54
21,07,25,07,26,39,17.50,1106.00,-0001.07
21,07,25,07,26,41,17.50,1380.00,-0003.82
21,07,25,07,26,43,17.00,1622.50,-0006.26
21,07,25,07,26,45,17.00,1870.00,-0008.75
21,07,25,07,26,47,16.50,1917.50,-0009.23
21,07,25,07,26,49,16.50,1660.50,-0006.64
21,07,25,07,26,51,17.00,1387.50,-0003.90
21,07,25,07,35,23,16.50,1175.50,-0001.77
21,07,25,07,35,25,16.50,1424.50,-0004.27
21,07,25,07,35,27,17.00,1547.00,-0005.50
21,07,25,07,35,29,16.50,1576.50,-0005.80
21,07,25,07,35,31,17.00,1540.50,-0005.44
21,07,25,07,35,33,17.00,1383.50,-0003.86
21,07,25,07,35,35,17.00,1319.50,-0003.21
21,07,25,07,35,37,17.00,1263.50,-0002.65
21,07,25,07,35,39,17.00,1247.50,-0002.49
21,07,25,07,35,41,17.00,1312.50,-0003.14
21,07,25,07,35,43,17.00,1410.00,-0004.12
21,07,25,07,35,45,17.00,1473.00,-0004.76
21,07,25,07,35,47,17.00,1453.00,-0004.56
21,07,25,07,35,49,17.00,1675.00,-0006.79
21,07,25,07,35,51,16.50,1556.00,-0005.59
21,07,25,07,35,53,17.00,1372.00,-0003.74
21,07,25,07,35,55,17.00,1464.50,-0004.67
21,07,25,07,35,57,17.00,1173.50,-0001.75
21,07,25,07,44,30,16.50,1320.50,-0003.22
21,07,25,07,44,32,17.00,1457.50,-0004.60
21,07,25,07,44,34,17.00,1582.50,-0005.86
21,07,25,07,44,36,17.00,1473.50,-0004.76
21,07,25,07,44,38,17.00,1477.00,-0004.80
21,07,25,07,44,40,17.00,1490.50,-0004.93
21,07,25,07,44,42,17.00,1568.50,-0005.72
21,07,25,07,44,44,17.00,1736.00,-0007.40
21,07,25,07,44,46,17.00,1825.50,-0008.30
21,07,25,07,44,48,17.00,1709.00,-0007.13
21,07,25,07,44,50,17.00,1576.00,-0005.79
21,07,25,07,44,52,17.00,1342.50,-0003.45
21,07,25,14,29,20,19.50,1428.00,-0004.31
21,07,25,14,29,22,18.50,1790.50,-0007.95
21,07,25,14,29,24,18.00,1933.50,-0009.39
21,07,25,14,29,26,17.50,1943.00,-0009.49
21,07,25,14,29,28,17.00,2122.50,-0011.29
21,07,25,14,29,30,16.50,2155.50,-0011.62
21,07,25,14,29,32,16.50,2052.50,-0010.59
21,07,25,14,29,34,16.50,1796.00,-0008.01
21,07,25,14,29,36,16.50,1486.50,-0004.89
21,07,25,14,29,38,16.50,1157.50,-0001.58
21,07,25,14,33,36,19.50,1226.50,-0002.28
21,07,25,14,33,38,18.50,1483.00,-0004.86
21,07,25,14,33,40,18.00,1816.50,-0008.21
21,07,25,14,33,42,17.50,1841.50,-0008.47
21,07,25,14,33,44,17.00,1853.50,-0008.59
21,07,25,14,33,46,17.00,1634.00,-0006.38
21,07,25,14,33,48,17.00,1301.50,-0003.03
21,07,25,14,55,59,18.00,1106.50,-0001.07
21,07,25,14,56,01,17.50,1366.50,-0003.69
21,07,25,14,56,03,17.00,1510.00,-0005.13
21,07,25,14,56,05,16.50,1646.50,-0006.50
21,07,25,14,56,07,16.50,1828.00,-0008.33
21,07,25,14,56,09,16.00,1888.00,-0008.93
21,07,25,14,56,11,15.50,1932.00,-0009.38
21,07,25,14,56,13,15.50,1813.50,-0008.18
21,07,25,14,56,15,15.50,1628.00,-0006.32
21,07,25,14,56,17,16.00,1308.50,-0003.10
21,07,25,16,00,39,16.50,1117.50,-0001.18
21,07,25,16,00,41,16.00,1413.50,-0004.16
21,07,25,16,00,43,15.50,1641.50,-0006.45
21,07,25,16,00,45,15.00,1745.00,-0007.49
21,07,25,16,00,47,15.00,1561.00,-0005.64
21,07,25,16,00,49,15.00,1504.50,-0005.08
21,07,25,16,00,51,14.50,1271.00,-0002.73
21,07,25,16,02,33,16.50,1102.50,-0001.03
21,07,25,16,02,35,16.00,1192.00,-0001.93
21,07,25,16,02,37,15.50,1457.50,-0004.60
21,07,25,16,02,39,15.00,1670.00,-0006.74
21,07,25,16,02,41,15.00,1647.00,-0006.51
21,07,25,16,02,43,15.00,1362.00,-0003.64
21,07,25,16,04,42,16.50,1260.50,-0002.62
21,07,25,16,04,44,16.00,1436.50,-0004.39
21,07,25,16,04,46,15.50,1538.00,-0005.41
21,07,25,16,04,48,15.50,1751.00,-0007.56
21,07,25,16,04,50,15.00,1673.00,-0006.77
21,07,25,16,04,52,15.00,1353.00,-0003.55
21,07,25,16,05,02,14.50,1120.50,-0001.21
21,07,25,17,24,59,17.50,1180.50,-0001.82
21,07,25,17,25,01,17.00,1129.00,-0001.30
21,07,25,17,27,35,16.00,1158.00,-0001.59
21,07,25,17,27,37,16.00,1132.00,-0001.33
21,07,25,17,27,39,16.00,1229.50,-0002.31
21,07,25,17,27,41,16.00,1234.50,-0002.36
21,07,25,17,27,43,15.50,1162.00,-0001.63
21,07,25,17,57,50,15.50,1104.00,-0001.05
21,07,25,17,57,58,15.00,1149.50,-0001.50
21,07,25,17,58,00,15.00,1298.50,-0003.00
21,07,25,17,58,02,15.00,1153.00,-0001.54
21,07,25,17,58,06,15.00,1125.00,-0001.26
21,07,25,17,58,08,15.00,1247.00,-0002.48
21,07,25,17,58,10,15.00,1143.00,-0001.44
21,07,25,18,07,54,15.50,1132.50,-0001.33
21,07,25,18,13,27,15.00,1112.00,-0001.13
21,07,25,18,13,53,15.00,1213.00,-0002.14
21,07,25,18,13,55,15.00,1301.00,-0003.03
21,07,25,18,13,57,15.00,1263.50,-0002.65
21,07,25,18,14,30,15.00,1136.00,-0001.37
21,07,25,18,23,07,15.50,1158.50,-0001.59
21,07,25,18,23,09,15.00,1218.50,-0002.20
21,07,25,18,31,13,15.00,1138.50,-0001.39
21,07,25,18,34,01,15.00,1236.50,-0002.38
21,07,25,18,35,36,15.00,1198.50,-0002.00
21,07,25,18,39,09,15.00,1147.00,-0001.48
21,07,25,18,39,11,15.00,1481.00,-0004.84
21,07,25,18,39,13,15.00,1403.00,-0004.05
21,07,25,18,40,39,15.00,1214.50,-0002.16
21,07,25,18,40,49,14.50,1268.00,-0002.70
21,07,25,18,40,57,14.50,1100.00,-0698.33
21,07,25,18,40,59,14.50,1283.00,-0002.85
21,07,25,18,42,59,15.00,1249.50,-0002.51
21,07,25,18,43,01,15.00,1299.50,-0003.01
21,07,25,18,43,15,15.00,1208.00,-0002.09
21,07,25,18,43,17,14.50,1439.00,-0004.42
21,07,25,18,43,19,14.50,1392.50,-0003.95
21,07,25,19,17,20,15.00,1239.00,-0002.40
21,07,25,19,17,22,15.00,1353.50,-0003.56
21,07,25,19,22,41,14.50,1142.50,-0001.43
21,07,25,19,27,35,14.50,1143.00,-0001.44
21,07,25,19,27,39,14.50,1108.00,-0001.09
21,07,25,19,27,41,14.50,1285.50,-0002.87
21,07,25,19,27,43,14.50,1233.00,-0002.34
21,07,25,19,30,44,15.00,1138.00,-0001.39
21,07,25,19,34,44,14.50,1124.00,-0001.25
21,07,25,19,34,52,14.50,1141.00,-0001.42
21,07,25,19,34,54,14.50,1177.00,-0001.78
21,07,25,19,34,56,14.50,1147.50,-0001.48
21,07,25,19,35,00,14.50,1116.50,-0001.17
21,07,25,19,41,04,14.50,1220.00,-0002.21
21,07,25,19,41,06,14.50,1312.50,-0003.14
21,07,25,19,41,08,14.50,1132.00,-0001.33
21,07,25,19,49,36,15.00,1103.00,-0001.04
21,07,25,19,52,24,15.50,1120.00,-0001.21
21,07,25,19,52,40,15.00,1106.00,-0001.07
21,07,26,06,50,20,17.00,1210.00,-0002.11
21,07,26,06,50,22,17.50,1190.50,-0001.92
21,07,26,06,50,24,17.50,1204.00,-0002.05
21,07,26,06,51,55,16.50,1165.00,-0001.66
21,07,26,06,51,57,17.00,1233.50,-0002.35
21,07,26,06,51,59,17.00,1188.00,-0001.89
21,07,26,06,52,13,17.50,1176.00,-0001.77
21,07,26,06,52,15,17.50,1150.00,-0001.51
21,07,26,06,52,17,17.50,1174.50,-0001.76
21,07,26,06,52,19,17.50,1203.50,-0002.05
21,07,26,06,52,45,17.50,1237.00,-0002.38
21,07,26,06,52,47,17.50,1203.50,-0002.05
21,07,26,06,52,53,17.50,1179.00,-0001.80
21,07,26,06,52,55,17.50,1164.50,-0001.65
21,07,26,06,53,21,17.50,1103.50,-0001.04
21,07,26,06,53,23,17.50,1226.50,-0002.28
21,07,26,06,53,25,17.50,1169.00,-0001.70
21,07,26,06,53,31,17.50,1150.50,-0001.51
21,07,26,06,53,33,17.50,1133.00,-0001.34
21,07,26,06,53,53,17.50,1121.50,-0001.22
21,07,26,06,53,55,17.50,1108.00,-0001.09
21,07,26,07,20,55,18.50,1126.00,-0001.27
21,07,26,07,20,57,18.50,1129.00,-0001.30
21,07,26,07,20,59,18.50,1146.00,-0001.47
21,07,26,07,21,06,19.00,1135.50,-0001.36
21,07,26,07,21,10,19.00,1125.50,-0001.26
21,07,26,07,21,34,19.00,1100.50,-0001.01
21,07,26,07,21,40,19.00,1101.00,-0001.02
21,07,26,07,22,10,19.00,1123.50,-0001.24
21,07,26,07,38,13,18.00,1293.00,-0002.95
21,07,26,07,38,15,18.00,1391.50,-0003.94
21,07,26,07,38,17,18.00,1295.00,-0002.97
21,07,26,07,38,33,18.50,1190.00,-0001.91
21,07,26,07,38,35,18.50,1235.00,-0002.36
21,07,26,07,38,37,18.50,1176.50,-0001.78
21,07,26,07,38,49,18.50,1100.00,-0698.33
21,07,26,07,39,13,18.50,1130.00,-0001.31
21,07,26,07,39,15,18.50,1151.00,-0001.52
21,07,26,07,39,17,18.50,1158.50,-0001.59
21,07,26,07,40,29,19.00,1108.00,-0001.09
21,07,26,07,40,31,19.00,1430.00,-0004.33
21,07,26,07,40,33,19.00,1360.00,-0003.62
21,07,26,07,40,35,19.00,1159.50,-0001.60
21,07,26,07,41,14,19.00,1295.50,-0002.97
21,07,26,07,41,16,19.00,1494.50,-0004.97
21,07,26,07,41,18,19.00,1709.50,-0007.14
21,07,26,07,41,22,19.00,1235.50,-0002.37
21,07,26,07,41,54,18.50,1296.00,-0002.98
21,07,26,07,41,56,18.50,1230.00,-0002.31
21,07,26,07,41,58,18.50,1305.50,-0003.07
21,07,26,07,42,00,18.50,1298.00,-0003.00
21,07,26,07,58,25,18.50,1242.00,-0002.43
21,07,26,07,58,27,18.50,1455.50,-0004.58
21,07,26,07,58,29,18.50,1540.50,-0005.44
21,07,26,07,58,31,18.50,1434.50,-0004.37
21,07,26,07,58,33,18.50,1349.50,-0003.52
21,07,26,07,58,35,18.50,1470.50,-0004.73
21,07,26,07,58,37,18.50,1357.00,-0003.59
21,07,26,07,58,39,18.50,1323.50,-0003.25
21,07,26,07,58,41,18.50,1329.00,-0003.31
21,07,26,07,58,43,18.50,1356.00,-0003.58
21,07,26,07,58,45,18.50,1129.50,-0001.30
21,07,26,07,59,03,18.50,1226.50,-0002.28
21,07,26,07,59,05,18.50,1377.50,-0003.80
21,07,26,07,59,07,18.50,1374.00,-0003.76
21,07,26,07,59,09,18.50,1256.50,-0002.58
21,07,26,07,59,11,18.50,1283.00,-0002.85
21,07,26,07,59,13,18.50,1315.00,-0003.17
21,07,26,07,59,15,18.50,1177.00,-0001.78
21,07,26,07,59,49,18.50,1197.50,-0001.99
21,07,26,07,59,51,18.50,1451.50,-0004.54
21,07,26,07,59,53,18.50,1549.00,-0005.52
21,07,26,07,59,55,18.50,1613.00,-0006.17
21,07,26,07,59,57,18.50,1422.50,-0004.25
21,07,26,08,02,42,18.50,1159.00,-0001.60
21,07,26,08,02,44,18.50,1292.00,-0002.94
21,07,26,08,05,32,19.00,1100.50,-0001.01
21,07,26,08,05,34,19.00,1221.00,-0002.22
21,07,26,08,05,36,19.00,1278.50,-0002.80
21,07,26,08,05,38,19.00,1292.50,-0002.94
21,07,26,08,05,40,19.00,1166.50,-0001.67
21,07,26,08,05,42,19.00,1120.00,-0001.21
21,07,26,08,05,50,19.00,1141.00,-0001.42
21,07,26,08,05,52,19.00,1104.00,-0001.05
21,07,26,08,05,54,19.00,1147.00,-0001.48
21,07,26,08,06,39,18.50,1116.00,-0001.17
21,07,26,08,06,41,18.50,1255.00,-0002.57
21,07,26,08,06,43,18.50,1310.00,-0003.12
21,07,26,08,06,45,18.50,1274.50,-0002.76
21,07,26,08,06,47,18.50,1300.00,-0003.02
21,07,26,08,06,49,18.50,1251.50,-0002.53
21,07,26,08,06,51,18.50,1100.50,-0001.01
21,07,26,08,07,07,19.00,1201.50,-0002.03
21,07,26,08,07,09,19.00,1289.50,-0002.91
21,07,26,08,07,11,19.00,1323.00,-0003.25
21,07,26,08,07,13,19.00,1335.50,-0003.38
21,07,26,08,07,17,19.00,1372.50,-0003.75
21,07,26,08,07,19,19.00,1316.50,-0003.18
21,07,26,08,07,35,18.50,1255.50,-0002.57
21,07,26,08,07,37,18.50,1319.50,-0003.21
21,07,26,08,07,39,18.50,1219.50,-0002.21
21,07,26,08,07,41,18.50,1281.50,-0002.83
21,07,26,08,09,57,18.50,1153.50,-0001.54
21,07,26,09,16,45,18.00,1302.50,-0003.04
21,07,26,09,16,47,18.50,1680.50,-0006.85
21,07,26,09,16,49,18.00,1893.00,-0008.98
21,07,26,09,16,51,17.50,1978.00,-0009.84
21,07,26,09,16,53,17.50,1942.00,-0009.48
21,07,26,09,16,55,17.00,1972.00,-0009.78
21,07,26,09,16,57,17.00,2021.50,-0010.28
21,07,26,09,16,59,17.00,2101.50,-0011.08
21,07,26,09,17,01,17.00,2169.00,-0011.76
21,07,26,09,17,03,17.00,2295.00,-0013.03
21,07,26,09,17,05,17.00,2413.50,-0014.22
21,07,26,09,17,06,16.50,2392.00,-0014.00
21,07,26,09,17,08,16.50,2525.50,-0015.35
21,07,26,09,17,10,16.50,2381.00,-0013.89
21,07,26,09,17,12,16.50,2089.50,-0010.96
21,07,26,09,17,14,17.00,1777.50,-0007.82
21,07,26,09,17,16,17.50,1446.50,-0004.49
21,07,26,09,17,18,18.00,1133.00,-0001.34
21,07,26,09,21,53,17.00,1118.50,-0001.19
21,07,26,09,21,55,18.00,1297.50,-0002.99
21,07,26,09,21,57,18.00,1123.00,-0001.24
21,07,26,09,23,54,18.00,1155.00,-0001.56
21,07,26,09,23,56,18.50,1189.50,-0001.91
21,07,26,09,23,58,18.50,1171.00,-0001.72
21,07,26,09,27,34,18.00,1107.50,-0001.08
21,07,26,09,27,36,18.50,1138.00,-0001.39
21,07,26,09,30,26,18.50,1195.50,-0001.97
21,07,26,09,30,28,19.00,1553.50,-0005.57
21,07,26,09,30,30,19.00,1736.50,-0007.41
21,07,26,09,30,32,18.50,1819.00,-0008.24
21,07,26,09,30,34,18.50,1539.50,-0005.43
21,07,26,09,30,36,19.00,1233.00,-0002.34
21,07,26,09,30,42,19.00,1100.50,-0001.01
21,07,26,09,30,44,19.00,1206.50,-0002.08
21,07,26,09,30,46,19.00,1297.50,-0002.99
21,07,26,09,30,48,19.00,1127.00,-0001.28
21,07,26,09,30,50,19.00,1120.50,-0001.21
21,07,26,09,30,52,19.00,1255.00,-0002.57
21,07,26,09,30,54,19.00,1129.00,-0001.30
21,07,26,09,37,40,17.50,1166.00,-0001.67
21,07,26,09,37,42,18.00,1278.50,-0002.80
21,07,26,09,37,44,18.50,1344.00,-0003.46
21,07,26,09,37,46,18.50,1471.50,-0004.74
21,07,26,09,37,48,19.00,1533.50,-0005.37
21,07,26,09,37,50,18.50,1629.00,-0006.33
21,07,26,09,37,52,18.50,1386.50,-0003.89
21,07,26,09,41,04,19.00,1248.00,-0002.49
21,07,26,09,41,06,19.00,1488.50,-0004.91
21,07,26,09,41,08,18.50,1697.50,-0007.02
21,07,26,09,41,10,18.00,1800.50,-0008.05
21,07,26,09,41,12,18.00,1828.00,-0008.33
21,07,26,09,41,14,17.50,1839.00,-0008.44
21,07,26,09,41,16,18.00,1537.00,-0005.40
21,07,26,09,41,18,18.50,1219.00,-0002.20
21,07,26,09,41,48,19.00,1346.00,-0003.48
21,07,26,09,41,50,19.00,1339.00,-0003.41
21,07,26,09,42,49,18.50,1106.00,-0001.07
21,07,26,09,53,16,19.50,1215.50,-0002.17
21,07,26,09,53,18,19.50,1286.00,-0002.88
21,07,26,09,53,20,19.50,1413.50,-0004.16
21,07,26,09,53,22,19.50,1402.50,-0004.05
21,07,26,09,53,24,19.50,1476.00,-0004.79
21,07,26,09,53,26,19.50,1171.50,-0001.73
21,07,26,09,53,42,19.50,1464.50,-0004.67
21,07,26,09,53,44,18.50,1794.00,-0007.99
21,07,26,09,53,46,18.00,2044.00,-0010.50
21,07,26,09,53,48,18.00,1876.00,-0008.81
21,07,26,09,53,50,17.50,1554.00,-0005.57
21,07,26,09,53,52,18.50,1253.50,-0002.55
21,07,26,09,55,42,19.00,1162.50,-0001.63
21,07,26,09,55,44,19.00,1341.50,-0003.44
21,07,26,09,55,46,19.00,1315.50,-0003.17
21,07,26,09,55,48,19.00,1295.50,-0002.97
21,07,26,09,55,50,19.00,1136.50,-0001.37
21,07,26,09,56,00,19.00,1166.50,-0001.67
21,07,26,09,56,02,19.00,1278.50,-0002.80
21,07,26,09,56,04,19.00,1277.50,-0002.79
21,07,26,09,56,06,19.00,1163.50,-0001.64
21,07,26,09,56,56,19.00,1314.50,-0003.16
21,07,26,09,56,58,19.00,1477.50,-0004.80
21,07,26,09,57,00,19.00,1450.00,-0004.53
21,07,26,09,57,02,19.00,1361.50,-0003.64
21,07,26,09,57,04,19.00,1323.50,-0003.25
21,07,26,09,57,48,18.50,1137.50,-0001.38
21,07,26,09,57,50,19.00,1349.50,-0003.52
21,07,26,09,57,52,19.00,1409.00,-0004.11
21,07,26,09,57,54,19.00,1391.50,-0003.94
21,07,26,09,57,56,19.00,1458.50,-0004.61
21,07,26,09,57,58,19.00,1508.50,-0005.12
21,07,26,09,58,00,19.00,1528.50,-0005.32
21,07,26,09,58,02,18.50,1563.00,-0005.66
21,07,26,09,58,04,18.50,1527.00,-0005.30
21,07,26,09,58,06,18.50,1526.50,-0005.30
21,07,26,09,58,08,18.50,1566.00,-0005.69
21,07,26,09,58,10,18.50,1519.00,-0005.22
21,07,26,09,58,12,18.50,1408.50,-0004.11
21,07,26,09,58,14,19.00,1415.00,-0004.17
21,07,26,09,58,16,19.00,1439.00,-0004.42
21,07,26,09,58,18,19.00,1349.00,-0003.51
21,07,26,09,58,52,19.00,1212.00,-0002.13
21,07,26,09,58,54,19.00,1279.50,-0002.81
21,07,26,09,58,56,19.00,1134.50,-0001.35
21,07,26,10,00,34,19.00,1109.00,-0001.10
21,07,26,10,00,36,19.00,1341.50,-0003.44
21,07,26,10,00,38,19.00,1447.50,-0004.50
21,07,26,10,00,40,19.00,1489.50,-0004.92
21,07,26,10,00,42,19.00,1409.50,-0004.12
21,07,26,10,00,44,19.50,1403.50,-0004.06
21,07,26,10,00,46,19.50,1303.50,-0003.05
21,07,26,10,00,48,19.50,1340.00,-0003.42
21,07,26,10,00,50,19.00,1131.00,-0001.32
21,07,26,10,01,12,19.00,1238.00,-0002.39
21,07,26,10,01,14,19.00,1356.50,-0003.59
21,07,26,10,01,16,19.00,1436.00,-0004.39
21,07,26,10,01,18,19.00,1273.50,-0002.75
21,07,26,10,01,20,19.00,1295.50,-0002.97
21,07,26,10,01,22,19.00,1301.50,-0003.03
21,07,26,10,01,24,19.00,1416.00,-0004.18
21,07,26,10,01,26,19.00,1305.50,-0003.07
21,07,26,10,06,16,19.50,1305.00,-0003.07
21,07,26,10,06,18,19.50,1279.00,-0002.81
21,07,26,10,06,20,19.50,1327.50,-0003.29
21,07,26,10,06,22,19.50,1241.00,-0002.42
21,07,26,10,06,24,19.50,1277.50,-0002.79
21,07,26,10,06,26,19.50,1255.50,-0002.57
21,07,26,10,06,32,19.50,1100.50,-0001.01
21,07,26,10,06,34,19.50,1445.50,-0004.48
21,07,26,10,06,36,19.00,1247.50,-0002.49
21,07,26,10,24,01,18.50,1225.00,-0002.26
21,07,26,10,24,03,18.50,1494.50,-0004.97
21,07,26,10,24,05,19.00,1798.00,-0008.03
21,07,26,10,24,07,19.00,1961.00,-0009.67
21,07,26,10,24,09,19.00,2173.50,-0011.81
21,07,26,10,24,11,18.00,2469.50,-0014.78
21,07,26,10,24,13,17.50,2611.50,-0016.21
21,07,26,10,24,15,17.00,2769.50,-0017.80
21,07,26,10,24,17,16.50,3109.00,-0021.22
21,07,26,10,24,19,15.50,3469.00,-0024.84
21,07,26,10,24,21,14.50,3528.00,-0025.43
21,07,26,10,24,23,14.50,3293.50,-0023.07
21,07,26,10,24,25,15.00,3047.00,-0020.59
21,07,26,10,24,27,15.00,2793.00,-0018.04
21,07,26,10,24,29,15.50,2528.50,-0015.38
21,07,26,10,24,31,16.00,2247.50,-0012.55
21,07,26,10,24,33,17.00,1958.00,-0009.64
21,07,26,10,24,35,17.50,1660.00,-0006.64
21,07,26,10,24,37,18.00,1335.00,-0003.37
21,07,26,10,44,17,17.00,1103.50,-0001.04
21,07,26,10,44,19,18.00,1306.00,-0003.08
21,07,26,10,44,21,18.00,1125.00,-0001.26
21,07,26,10,46,07,18.00,1219.00,-0002.20
21,07,26,10,46,09,18.50,1441.50,-0004.44
21,07,26,10,46,11,18.50,1622.00,-0006.26
21,07,26,10,46,13,19.00,1776.50,-0007.81
21,07,26,10,46,15,19.00,1895.00,-0009.00
21,07,26,10,46,17,19.00,2018.50,-0010.25
21,07,26,10,46,19,19.00,2172.50,-0011.80
21,07,26,10,46,21,19.00,2327.50,-0013.35
21,07,26,10,46,23,19.00,2513.00,-0015.22
21,07,26,10,46,25,17.50,2753.50,-0017.64
21,07,26,10,46,27,16.00,3091.00,-0021.04
21,07,26,10,46,29,15.00,3353.00,-0023.67
21,07,26,10,46,31,14.50,3568.00,-0025.83
21,07,26,10,46,33,14.00,3479.00,-0024.94
21,07,26,10,46,35,14.00,3266.50,-0022.80
21,07,26,10,46,37,13.50,3034.00,-0020.46
21,07,26,10,46,39,14.00,2786.00,-0017.97
21,07,26,10,46,41,14.50,2529.00,-0015.38
21,07,26,10,46,43,16.50,2252.50,-0012.60
21,07,26,10,46,45,17.00,1964.50,-0009.70
21,07,26,10,46,47,17.50,1656.50,-0006.60
21,07,26,10,46,49,18.00,1356.50,-0003.59
21,07,26,10,51,29,18.00,1445.50,-0004.48
21,07,26,10,51,31,18.50,1816.00,-0008.21
21,07,26,10,51,33,18.50,2072.00,-0010.78
21,07,26,10,51,35,18.50,2181.00,-0011.88
21,07,26,10,51,37,18.50,2331.00,-0013.39
21,07,26,10,51,39,17.50,2481.50,-0014.90
21,07,26,10,51,41,16.50,2706.50,-0017.17
21,07,26,10,51,43,15.50,2707.50,-0017.18
21,07,26,10,51,45,15.00,2668.00,-0016.78
21,07,26,10,51,47,15.00,2646.00,-0016.56
21,07,26,10,51,49,15.00,2553.50,-0015.63
21,07,26,10,51,51,15.00,2475.00,-0014.84
21,07,26,10,51,53,16.00,2245.00,-0012.52
21,07,26,10,51,55,17.00,1965.00,-0009.71
21,07,26,10,51,57,17.50,1668.00,-0006.72
21,07,26,10,51,59,18.00,1348.00,-0003.50
21,07,26,10,56,41,17.50,1241.50,-0002.43
21,07,26,10,56,43,18.00,1605.50,-0006.09
21,07,26,10,56,45,18.50,1975.50,-0009.81
21,07,26,10,56,47,18.50,2347.50,-0013.56
21,07,26,10,56,49,18.00,2694.00,-0017.04
21,07,26,10,56,51,16.50,3022.50,-0020.35
21,07,26,10,56,53,15.50,3283.00,-0022.97
21,07,26,10,56,55,14.50,3393.00,-0024.07
21,07,26,10,56,57,14.00,3612.00,-0026.28
21,07,26,10,56,59,13.50,3628.00,-0026.44
21,07,26,10,57,01,13.50,3778.00,-0027.95
21,07,26,10,57,03,13.50,3589.50,-0026.05
21,07,26,10,57,05,13.00,3373.50,-0023.88
21,07,26,10,57,07,13.00,3140.50,-0021.53
21,07,26,10,57,09,13.50,2891.50,-0019.03
21,07,26,10,57,11,14.00,2629.50,-0016.39
21,07,26,10,57,13,16.00,2356.00,-0013.64
21,07,26,10,57,15,17.00,2074.50,-0010.81
21,07,26,10,57,17,17.50,1779.50,-0007.84
21,07,26,10,57,19,17.50,1467.00,-0004.70
21,07,26,10,57,21,18.00,1134.50,-0001.35
21,07,26,10,59,41,18.50,1124.00,-0001.25
21,07,26,10,59,43,18.50,1355.50,-0003.58
21,07,26,10,59,45,18.50,1267.50,-0002.69
21,07,26,11,04,25,18.00,1248.00,-0002.49
21,07,26,11,04,27,18.00,1531.00,-0005.34
21,07,26,11,04,29,18.50,1794.50,-0007.99
21,07,26,11,04,31,18.50,1955.50,-0009.61
21,07,26,11,04,33,18.50,2073.00,-0010.79
21,07,26,11,04,35,19.00,2205.00,-0012.12
21,07,26,11,04,37,19.00,2321.00,-0013.29
21,07,26,11,04,39,19.00,2294.50,-0013.02
21,07,26,11,04,41,19.00,2212.00,-0012.19
21,07,26,11,04,43,19.00,2127.50,-0011.34
21,07,26,11,04,45,19.00,2105.00,-0011.12
21,07,26,11,04,47,19.00,2068.50,-0010.75
21,07,26,11,04,49,19.00,1946.50,-0009.52
21,07,26,11,04,51,19.00,1648.50,-0006.52
21,07,26,11,04,53,19.00,1306.50,-0003.08
21,07,26,11,08,58,19.00,1263.50,-0002.65
21,07,26,11,09,00,19.00,1361.00,-0003.63
21,07,26,11,09,02,19.00,1197.50,-0001.99
21,07,26,11,31,57,22.00,1304.50,-0003.06
21,07,26,11,31,59,21.00,1415.50,-0004.18
21,07,26,11,32,01,21.00,1435.00,-0004.38
21,07,26,11,32,03,20.50,1153.50,-0001.54
21,07,26,11,33,53,20.50,1290.00,-0002.92
21,07,26,11,33,55,20.00,1378.00,-0003.80
21,07,26,11,33,57,20.00,1479.50,-0004.82
21,07,26,11,33,59,19.50,1583.00,-0005.86
21,07,26,11,34,01,19.50,1561.50,-0005.65
21,07,26,11,34,03,19.50,1257.00,-0002.59
21,07,26,11,35,45,21.50,1379.50,-0003.82
21,07,26,11,35,47,20.50,1606.50,-0006.10
21,07,26,11,35,49,20.50,1699.00,-0007.03
21,07,26,11,35,51,20.00,1739.50,-0007.44
21,07,26,11,35,53,20.00,1757.00,-0007.62
21,07,26,11,35,55,20.00,1890.50,-0008.96
21,07,26,11,35,57,19.50,1965.00,-0009.71
21,07,26,11,35,59,19.50,1922.50,-0009.28
21,07,26,11,36,01,19.50,1653.00,-0006.57
21,07,26,11,36,03,19.50,1325.50,-0003.27
21,07,26,11,36,59,20.00,1368.50,-0003.71
21,07,26,11,37,01,19.50,1648.50,-0006.52
21,07,26,11,37,03,19.50,1758.50,-0007.63
21,07,26,11,37,05,19.50,1881.00,-0008.86
21,07,26,11,37,07,19.50,1943.50,-0009.49
21,07,26,11,37,09,19.50,2059.00,-0010.65
21,07,26,11,37,11,19.50,2180.50,-0011.88
21,07,26,11,37,13,19.00,2337.50,-0013.46
21,07,26,11,37,15,17.50,2563.00,-0015.72
21,07,26,11,37,17,16.50,2670.00,-0016.80
21,07,26,11,37,19,16.00,2794.00,-0018.05
21,07,26,11,37,21,15.50,2729.00,-0017.39
21,07,26,11,37,23,15.50,2535.50,-0015.45
21,07,26,11,37,25,16.00,2243.50,-0012.51
21,07,26,11,37,27,17.50,1953.50,-0009.59
21,07,26,11,37,29,18.00,1644.50,-0006.48
21,07,26,11,37,31,18.00,1307.00,-0003.09
21,07,26,11,45,36,19.00,1286.50,-0002.88
21,07,26,11,45,38,19.00,1404.00,-0004.06
21,07,26,11,45,40,19.00,1465.50,-0004.68
21,07,26,11,45,42,19.00,1353.50,-0003.56
21,07,26,11,45,48,19.00,1196.50,-0001.98
21,07,26,11,45,50,19.00,1484.00,-0004.87
21,07,26,11,45,52,19.00,1698.50,-0007.03
21,07,26,11,45,54,19.00,1836.00,-0008.41
21,07,26,11,45,56,19.00,2019.00,-0010.25
21,07,26,11,45,58,19.00,2030.00,-0010.36
21,07,26,11,46,00,19.00,1812.50,-0008.17
21,07,26,11,46,02,19.00,1520.50,-0005.24
21,07,26,11,46,04,19.00,1198.50,-0002.00
21,07,26,11,47,14,20.50,1177.00,-0001.78
21,07,26,11,47,16,20.00,1340.00,-0003.42
21,07,26,11,47,18,19.50,1607.00,-0006.11
21,07,26,11,47,20,19.50,1710.50,-0007.15
21,07,26,11,47,22,19.50,1656.50,-0006.60
21,07,26,11,47,24,19.50,1371.50,-0003.74
21,07,26,11,48,50,18.50,1139.00,-0001.40
21,07,26,11,48,52,19.00,1382.50,-0003.85
21,07,26,11,48,54,19.00,1705.00,-0007.09
21,07,26,11,48,56,19.00,1940.50,-0009.46
21,07,26,11,48,58,19.00,1667.00,-0006.71
21,07,26,11,49,00,19.00,1371.00,-0003.73
21,07,26,11,49,36,19.50,1336.00,-0003.38
21,07,26,11,49,38,19.00,1238.50,-0002.40
21,07,26,11,52,32,20.50,1217.00,-0002.18
21,07,26,13,08,07,20.50,1158.50,-0001.59
21,07,26,13,08,09,20.00,1500.50,-0005.04
21,07,26,13,08,11,20.00,1734.00,-0007.38
21,07,26,13,08,13,19.50,1730.50,-0007.35
21,07,26,13,08,15,19.50,1740.00,-0007.44
21,07,26,13,08,17,19.50,1828.00,-0008.33
21,07,26,13,08,19,19.50,1889.00,-0008.94
21,07,26,13,08,21,19.50,2011.50,-0010.18
21,07,26,13,08,23,19.50,2146.00,-0011.53
21,07,26,13,08,25,19.50,2075.00,-0010.81
21,07,26,13,08,27,19.50,2140.50,-0011.47
21,07,26,13,08,29,19.50,1897.50,-0009.03
21,07,26,13,08,31,19.00,1591.50,-0005.95
21,07,26,13,08,33,19.00,1265.50,-0002.67
21,07,26,13,19,45,19.00,1167.00,-0001.68
21,07,26,13,19,47,19.00,1603.50,-0006.07
21,07,26,13,19,49,19.00,2056.00,-0010.62
21,07,26,13,19,51,19.00,2383.50,-0013.92
21,07,26,13,19,53,18.00,2630.00,-0016.40
21,07,26,13,19,55,16.50,2906.50,-0019.18
21,07,26,13,19,57,15.00,3045.00,-0020.57
21,07,26,13,19,59,14.50,3228.00,-0022.41
21,07,26,13,20,01,14.00,2919.50,-0019.31
21,07,26,13,20,03,14.50,2639.00,-0016.49
21,07,26,13,20,05,16.00,2375.00,-0013.83
21,07,26,13,20,07,17.00,2164.50,-0011.71
21,07,26,13,20,09,17.50,1964.50,-0009.70
21,07,26,13,20,11,18.00,1680.00,-0006.84
21,07,26,13,20,13,18.00,1343.00,-0003.45
21,07,26,13,20,45,19.00,1156.50,-0001.57
21,07,26,13,20,47,19.00,1393.00,-0003.95
21,07,26,13,20,49,19.00,1641.50,-0006.45
21,07,26,13,20,51,19.00,1772.00,-0007.77
21,07,26,13,20,53,19.00,1585.00,-0005.89
21,07,26,13,20,55,19.00,1268.50,-0002.70
21,07,26,13,21,43,20.00,1264.50,-0002.66
21,07,26,13,21,45,19.50,1628.50,-0006.32
21,07,26,13,21,47,19.50,1650.00,-0006.54
21,07,26,13,21,49,19.50,1566.00,-0005.69
21,07,26,13,21,51,19.50,1583.50,-0005.87
21,07,26,13,21,53,19.50,1359.00,-0003.61
21,07,26,13,22,15,19.50,1212.50,-0002.14
21,07,26,13,22,17,19.50,1153.50,-0001.54
21,07,26,14,49,15,19.50,1346.50,-0003.49
21,07,26,14,49,17,19.50,1195.00,-0001.96
21,07,26,14,49,57,19.50,1115.50,-0001.16
21,07,26,14,50,25,19.50,1208.50,-0002.10
21,07,26,14,50,27,19.50,1373.00,-0003.75
21,07,26,14,50,29,19.50,1463.00,-0004.66
21,07,26,14,50,31,19.50,1622.00,-0006.26
21,07,26,14,50,33,19.50,1762.00,-0007.67
21,07,26,14,50,35,19.00,1833.50,-0008.39
21,07,26,14,50,37,19.00,1832.00,-0008.37
21,07,26,14,50,39,19.00,1866.00,-0008.71
21,07,26,14,50,41,19.00,1904.50,-0009.10
21,07,26,14,50,43,19.00,1980.50,-0009.86
21,07,26,14,50,45,19.00,2063.00,-0010.69
21,07,26,14,50,47,19.00,2129.50,-0011.36
21,07,26,14,50,49,19.00,1814.00,-0008.19
21,07,26,14,50,51,19.00,1521.00,-0005.24
21,07,26,14,50,53,19.00,1179.50,-0001.81
21,07,26,14,54,53,20.50,1299.50,-0003.01
21,07,26,14,54,55,20.00,1575.50,-0005.79
21,07,26,14,54,57,20.00,1795.00,-0008.00
21,07,26,14,54,59,20.00,1752.50,-0007.57
21,07,26,14,55,01,19.50,1634.00,-0006.38
21,07,26,14,55,03,19.50,1630.50,-0006.34
21,07,26,14,55,05,19.50,1581.00,-0005.84
21,07,26,14,55,07,19.50,1586.00,-0005.90
21,07,26,14,55,09,19.50,1566.50,-0005.70
21,07,26,14,55,11,19.50,1311.50,-0003.13
21,07,26,15,45,07,19.00,1166.00,-0001.67
21,07,26,15,45,09,19.00,1254.00,-0002.56
21,07,26,15,45,11,19.00,1247.50,-0002.49
21,07,26,15,45,17,19.00,1182.00,-0001.83
21,07,26,15,45,19,19.00,1130.50,-0001.31
21,07,26,15,46,39,19.00,1174.00,-0001.75
21,07,26,15,46,41,19.00,1198.00,-0001.99
21,07,26,15,46,43,19.00,1322.00,-0003.24
21,07,26,15,46,45,19.00,1295.00,-0002.97
21,07,26,15,46,47,19.00,1310.00,-0003.12
21,07,26,15,46,49,19.00,1328.00,-0003.30
21,07,26,15,46,51,19.00,1403.00,-0004.05
21,07,26,15,46,53,19.00,1149.00,-0001.50
21,07,26,15,49,44,18.50,1108.00,-0001.09
21,07,26,15,49,46,19.00,1335.50,-0003.38
21,07,26,15,49,48,18.50,1293.00,-0002.95
21,07,26,15,49,50,19.00,1262.50,-0002.64
21,07,26,15,50,02,19.00,1191.50,-0001.93
21,07,26,15,50,04,19.00,1127.50,-0001.28
21,07,26,15,51,26,19.00,1289.50,-0002.91
21,07,26,15,51,28,19.00,1418.50,-0004.21
21,07,26,15,51,30,19.00,1541.50,-0005.45
21,07,26,15,51,32,18.50,1750.50,-0007.55
21,07,26,15,51,34,18.50,1875.50,-0008.81
21,07,26,15,51,36,18.50,1668.00,-0006.72
21,07,26,15,51,38,18.50,1367.00,-0003.69
21,07,26,15,52,28,19.00,1269.00,-0002.71
21,07,26,15,52,30,18.50,1331.00,-0003.33
21,07,26,15,52,32,18.50,1414.00,-0004.16
21,07,26,15,52,34,18.50,1487.50,-0004.90
21,07,26,15,52,36,18.50,1289.00,-0002.91
21,07,26,15,53,50,19.00,1102.50,-0001.03
21,07,26,15,55,30,19.50,1119.00,-0001.20
21,07,26,15,55,32,19.50,1296.50,-0002.98
21,07,26,15,55,34,19.00,1341.00,-0003.43
21,07,26,15,55,36,19.00,1286.00,-0002.88
21,07,26,15,55,38,19.00,1351.50,-0003.54
21,07,26,15,55,40,19.00,1363.00,-0003.65
21,07,26,15,55,42,19.00,1504.50,-0005.08
21,07,26,15,55,44,18.50,1405.50,-0004.08
21,07,26,15,55,46,18.50,1431.50,-0004.34
21,07,26,15,55,48,18.50,1441.00,-0004.44
21,07,26,15,55,50,18.50,1342.00,-0003.44
21,07,26,15,56,08,19.00,1174.50,-0001.76
21,07,26,15,56,10,19.00,1517.50,-0005.21
21,07,26,15,56,12,18.50,1635.50,-0006.39
21,07,26,15,56,14,18.50,1586.00,-0005.90
21,07,26,15,56,16,18.50,1301.00,-0003.03
21,07,26,15,57,20,19.00,1146.00,-0001.47
21,07,26,15,57,22,19.00,1258.00,-0002.60
21,07,26,15,57,24,19.00,1470.50,-0004.73
21,07,26,15,57,26,18.50,1639.00,-0006.43
21,07,26,15,57,28,18.50,1493.50,-0004.96
21,07,26,15,57,30,18.50,1256.50,-0002.58
21,07,26,15,58,17,19.00,1152.00,-0001.53
21,07,26,15,58,19,19.00,1298.50,-0003.00
21,07,26,15,58,21,19.00,1239.00,-0002.40
21,07,26,15,58,23,19.00,1210.50,-0002.12
21,07,26,15,58,25,19.50,1235.50,-0002.37
21,07,26,15,58,27,19.00,1282.50,-0002.84
21,07,26,15,58,43,19.00,1271.00,-0002.73
21,07,26,15,58,45,19.00,1369.00,-0003.71
21,07,26,15,58,47,19.00,1390.00,-0003.92
21,07,26,15,58,49,18.50,1384.50,-0003.87
21,07,26,15,59,25,19.00,1208.50,-0002.10
21,07,26,15,59,27,19.00,1340.50,-0003.43
21,07,26,15,59,29,18.50,1394.50,-0003.97
21,07,26,15,59,31,18.50,1422.50,-0004.25
21,07,26,15,59,33,18.50,1415.00,-0004.17
21,07,26,15,59,35,18.50,1364.00,-0003.66
21,07,26,15,59,37,18.50,1308.50,-0003.10
21,07,26,15,59,39,18.50,1189.00,-0001.90
21,07,26,15,59,45,19.00,1193.50,-0001.95
21,07,26,15,59,47,19.00,1216.00,-0002.17
21,07,26,16,00,15,19.00,1275.00,-0002.77
21,07,26,16,00,17,18.50,1448.00,-0004.51
21,07,26,16,00,19,18.50,1202.00,-0002.03
21,07,26,16,00,57,19.00,1103.50,-0001.04
21,07,26,16,00,59,19.00,1462.50,-0004.65
21,07,26,16,01,01,18.50,1669.00,-0006.73
21,07,26,16,01,03,18.50,1935.00,-0009.41
21,07,26,16,01,05,18.00,2093.00,-0011.00
21,07,26,16,01,07,18.00,1826.00,-0008.31
21,07,26,16,01,09,18.00,1543.50,-0005.47
21,07,26,16,01,11,18.50,1246.00,-0002.47
21,07,26,16,12,09,18.50,1111.50,-0001.12
21,07,26,16,12,11,19.00,1142.50,-0001.43
21,07,26,16,12,13,19.00,1142.00,-0001.43
21,07,26,16,12,15,19.00,1169.00,-0001.70
21,07,26,16,12,29,19.00,1127.00,-0001.28
21,07,26,16,12,31,19.00,1157.00,-0001.58
21,07,26,16,12,33,19.00,1112.00,-0001.13
21,07,26,16,12,35,19.00,1104.00,-0001.05
21,07,26,16,12,37,19.00,1153.00,-0001.54
21,07,26,16,12,57,19.00,1100.00,-0698.33
21,07,26,16,13,01,19.00,1119.50,-0001.20
21,07,26,16,13,03,19.00,1158.50,-0001.59
21,07,26,16,13,05,19.00,1117.00,-0001.18
21,07,26,16,13,30,19.00,1110.50,-0001.11
21,07,26,16,13,32,19.00,1122.00,-0001.23
21,07,26,16,13,34,19.00,1117.00,-0001.18
21,07,26,16,13,36,19.00,1143.50,-0001.44
21,07,26,16,13,40,19.00,1123.50,-0001.24
21,07,26,16,13,44,19.50,1147.50,-0001.48
21,07,26,16,14,08,19.50,1154.00,-0001.55
21,07,26,16,14,10,19.00,1450.50,-0004.53
21,07,26,16,14,12,19.00,1547.50,-0005.51
21,07,26,16,14,14,18.50,1725.00,-0007.29
21,07,26,16,14,16,18.50,1706.50,-0007.11
21,07,26,16,14,18,18.50,1787.50,-0007.92
21,07,26,16,14,20,18.00,1725.50,-0007.30
21,07,26,16,14,22,18.00,1491.50,-0004.94
21,07,26,16,14,24,18.50,1210.50,-0002.12
21,07,26,16,14,48,19.00,1160.00,-0001.61
21,07,26,16,14,50,19.00,1343.50,-0003.46
21,07,26,16,14,52,19.00,1422.00,-0004.25
21,07,26,16,14,54,19.00,1434.50,-0004.37
21,07,26,16,14,56,19.00,1410.50,-0004.13
21,07,26,16,14,58,19.00,1460.50,-0004.63
21,07,26,16,15,00,19.00,1471.50,-0004.74
21,07,26,16,15,02,18.50,1517.00,-0005.20
21,07,26,16,15,04,19.00,1326.50,-0003.28
21,07,26,16,15,06,19.00,1153.00,-0001.54
21,07,26,18,06,21,19.50,1413.50,-0004.16
21,07,26,18,06,23,19.00,1743.50,-0007.48
21,07,26,18,06,25,18.50,1805.00,-0008.10
21,07,26,18,06,27,18.00,1816.50,-0008.21
21,07,26,18,06,29,18.00,1824.00,-0008.29
21,07,26,18,06,31,17.50,1824.50,-0008.29
21,07,26,18,06,33,17.50,1816.00,-0008.21
21,07,26,18,06,35,17.50,1809.00,-0008.14
21,07,26,18,06,37,17.00,1797.00,-0008.02
21,07,26,18,06,39,17.00,1885.00,-0008.90
21,07,26,18,06,41,17.00,1816.50,-0008.21
21,07,26,18,06,43,17.00,1817.00,-0008.22
21,07,26,18,06,45,17.00,1792.00,-0007.97
21,07,26,18,06,47,17.00,1772.50,-0007.77
21,07,26,18,06,49,16.50,1713.00,-0007.17
21,07,26,18,06,51,17.00,1497.00,-0005.00
21,07,26,18,06,53,18.00,1171.50,-0001.73
21,07,26,18,07,15,18.50,1184.00,-0001.85
21,07,26,18,07,17,19.00,1339.50,-0003.42
21,07,26,18,07,19,19.00,1266.00,-0002.68
21,07,26,18,07,21,19.00,1121.50,-0001.22
21,07,26,18,10,57,19.50,1129.50,-0001.30
21,07,26,18,11,31,19.50,1193.00,-0001.94
21,07,26,18,11,33,19.50,1207.00,-0002.08
21,07,26,18,11,43,19.50,1142.00,-0001.43
21,07,26,19,14,47,20.00,1176.00,-0001.77
21,07,26,19,14,49,19.50,1219.50,-0002.21
21,07,26,19,14,51,19.50,1213.50,-0002.15
21,07,26,19,14,53,19.50,1184.50,-0001.86
21,07,26,19,14,55,19.50,1225.50,-0002.27
21,07,26,19,15,21,19.00,1239.00,-0002.40
21,07,26,19,15,23,19.00,1429.00,-0004.32
21,07,26,19,15,25,19.50,1613.50,-0006.17
21,07,26,19,15,27,19.00,1767.50,-0007.72
21,07,26,19,15,29,19.00,1827.50,-0008.32
21,07,26,19,15,31,19.00,1734.00,-0007.38
21,07,26,19,15,33,19.00,1594.00,-0005.98
21,07,26,19,15,35,19.00,1626.50,-0006.30
21,07,26,19,15,37,19.00,1620.50,-0006.24
21,07,26,19,15,39,19.00,1401.00,-0004.03
21,07,26,19,16,21,19.00,1303.50,-0003.05
21,07,26,19,16,23,19.00,1558.00,-0005.61
21,07,26,19,16,25,19.00,1759.00,-0007.64
21,07,26,19,16,27,19.00,1871.50,-0008.77
21,07,26,19,16,29,19.00,1887.50,-0008.93
21,07,26,19,16,31,19.00,1895.00,-0009.00
21,07,26,19,16,33,19.00,1985.50,-0009.91
21,07,26,19,16,35,19.00,2059.00,-0010.65
21,07,26,19,16,37,19.00,1815.50,-0008.20
21,07,26,19,16,39,19.00,1620.00,-0006.24
21,07,26,19,16,41,19.00,1351.50,-0003.54
21,07,26,19,17,01,19.00,1374.50,-0003.77
21,07,26,19,17,03,19.00,1558.50,-0005.62
21,07,26,19,17,05,19.00,1666.00,-0006.70
21,07,26,19,17,07,19.00,1813.00,-0008.18
21,07,26,19,17,09,19.00,1859.50,-0008.65
21,07,26,19,17,11,19.00,1895.00,-0009.00
21,07,26,19,17,13,19.00,1847.50,-0008.53
21,07,26,19,17,15,19.00,1836.50,-0008.42
21,07,26,19,17,17,19.00,1665.00,-0006.69
21,07,26,19,17,19,19.00,1683.00,-0006.87
21,07,26,19,17,21,19.00,1405.00,-0004.07
21,07,26,19,19,33,19.00,1232.00,-0002.33
21,07,26,19,19,35,19.00,1521.00,-0005.24
21,07,26,19,19,37,19.00,1804.00,-0008.09
21,07,26,19,19,39,19.00,1871.50,-0008.77
21,07,26,19,19,41,19.00,1969.50,-0009.75
21,07,26,19,19,43,18.50,2073.00,-0010.79
21,07,26,19,19,45,18.00,2052.50,-0010.59
21,07,26,19,19,47,18.00,2110.00,-0011.17
21,07,26,19,19,49,18.00,1930.00,-0009.36
21,07,26,19,19,51,18.00,1644.50,-0006.48
21,07,26,19,19,53,18.50,1339.00,-0003.41
21,07,27,05,20,21,18.00,1262.50,-0002.64
21,07,27,05,20,23,18.00,1612.50,-0006.16
21,07,27,05,20,25,18.50,1985.50,-0009.91
21,07,27,05,20,27,18.50,2322.50,-0013.30
21,07,27,05,20,29,18.00,2658.00,-0016.68
21,07,27,05,20,31,17.00,2846.00,-0018.57
21,07,27,05,20,33,16.00,3006.00,-0020.18
21,07,27,05,20,35,15.50,2813.00,-0018.24
21,07,27,05,20,37,16.00,2493.50,-0015.02
21,07,27,05,20,39,17.00,2187.00,-0011.94
21,07,27,05,20,41,17.50,1880.00,-0008.85
21,07,27,05,20,43,18.00,1563.00,-0005.66
21,07,27,05,20,45,18.00,1225.50,-0002.27
21,07,27,05,39,37,18.00,1125.00,-0001.26
21,07,27,05,39,41,18.00,1219.00,-0002.20
21,07,27,05,39,53,18.00,1127.50,-0001.28
21,07,27,05,39,55,18.00,1107.00,-0001.08
21,07,27,05,41,27,18.50,1231.00,-0002.32
21,07,27,05,41,29,18.50,1394.00,-0003.96
21,07,27,05,41,31,18.50,1635.50,-0006.39
21,07,27,05,41,33,18.50,1479.00,-0004.82
21,07,27,05,41,35,18.50,1263.00,-0002.65
21,07,27,05,42,19,18.50,1265.50,-0002.67
21,07,27,05,42,21,18.50,1358.50,-0003.61
21,07,27,05,42,23,18.50,1364.00,-0003.66
21,07,27,05,42,25,18.50,1428.50,-0004.31
21,07,27,05,42,27,18.50,1234.00,-0002.35
21,07,27,05,51,13,18.00,1329.00,-0003.31
21,07,27,05,51,15,18.00,1649.00,-0006.53
21,07,27,05,51,17,18.50,1972.00,-0009.78
21,07,27,05,51,19,18.00,2343.50,-0013.52
21,07,27,05,51,21,17.00,2765.00,-0017.76
21,07,27,05,51,23,16.50,2993.00,-0020.05
21,07,27,05,51,25,15.50,3210.00,-0022.23
21,07,27,05,51,27,14.50,3512.50,-0025.28
21,07,27,05,51,29,14.00,3508.50,-0025.24
21,07,27,05,51,31,13.50,3651.50,-0026.67
21,07,27,05,51,33,13.50,3597.50,-0026.13
21,07,27,05,51,35,13.50,3280.50,-0022.94
21,07,27,05,51,37,13.50,2958.00,-0019.70
21,07,27,05,51,39,14.00,2654.00,-0016.64
21,07,27,05,51,41,15.00,2389.00,-0013.97
21,07,27,05,51,43,16.00,2119.50,-0011.26
21,07,27,05,51,45,16.50,1833.50,-0008.39
21,07,27,05,51,47,17.00,1530.50,-0005.34
21,07,27,05,51,49,17.50,1211.00,-0002.12
21,07,27,06,24,46,19.00,1144.00,-0001.45
21,07,27,06,24,48,19.00,1419.00,-0004.22
21,07,27,06,24,50,19.00,1637.00,-0006.41
21,07,27,06,24,52,19.00,1832.00,-0008.37
21,07,27,06,24,54,18.50,2239.00,-0012.46
21,07,27,06,24,56,18.00,2477.50,-0014.86
21,07,27,06,24,58,17.00,2735.00,-0017.45
21,07,27,06,25,00,16.50,2940.50,-0019.52
21,07,27,06,25,02,15.00,3391.00,-0024.05
21,07,27,06,25,04,14.50,3492.00,-0025.07
21,07,27,06,25,06,14.00,3223.50,-0022.37
21,07,27,06,25,08,14.00,2977.50,-0019.89
21,07,27,06,25,10,14.50,2650.50,-0016.60
21,07,27,06,25,12,15.00,2358.50,-0013.67
21,07,27,06,25,14,16.50,2063.00,-0010.69
21,07,27,06,25,16,17.00,1758.00,-0007.63
21,07,27,06,25,18,17.00,1434.50,-0004.37
21,07,27,06,25,20,17.50,1101.00,-0001.02
21,07,27,06,25,46,18.00,1295.00,-0002.97
21,07,27,06,25,48,18.00,1513.50,-0005.17
21,07,27,06,25,50,18.00,1691.50,-0006.96
21,07,27,06,25,52,18.00,1778.50,-0007.83
21,07,27,06,25,54,18.00,1582.00,-0005.85
21,07,27,06,25,56,18.00,1250.00,-0002.52
21,07,27,06,26,20,18.00,1208.50,-0002.10
21,07,27,06,26,22,18.00,1174.00,-0001.75
21,07,27,07,08,10,17.00,1147.00,-0001.48
21,07,27,07,08,12,17.50,1473.00,-0004.76
21,07,27,07,08,14,18.00,1770.00,-0007.75
21,07,27,07,08,16,18.00,1961.00,-0009.67
21,07,27,07,08,18,17.50,2209.00,-0012.16
21,07,27,07,08,20,17.00,2474.00,-0014.83
21,07,27,07,08,22,16.00,2737.00,-0017.47
21,07,27,07,08,24,15.00,2779.00,-0017.90
21,07,27,07,08,26,15.00,2873.00,-0018.84
21,07,27,07,08,28,14.50,2886.00,-0018.97
21,07,27,07,08,30,14.50,2885.00,-0018.96
21,07,27,07,08,32,13.50,3106.00,-0021.19
21,07,27,07,08,34,13.00,3487.50,-0025.02
21,07,27,07,08,36,13.00,3489.00,-0025.04
21,07,27,07,08,38,13.00,3204.50,-0022.18
21,07,27,07,08,40,12.50,2931.00,-0019.43
21,07,27,07,08,42,13.00,2674.00,-0016.84
21,07,27,07,08,44,14.00,2405.50,-0014.14
21,07,27,07,08,46,15.00,2122.50,-0011.29
21,07,27,07,08,48,16.00,1830.00,-0008.35
21,07,27,07,08,50,16.50,1526.00,-0005.29
21,07,27,07,08,52,17.00,1200.00,-0002.01
21,07,27,07,14,57,17.50,1469.00,-0004.72
21,07,27,07,14,59,18.00,1970.50,-0009.76
21,07,27,07,15,01,17.50,2443.00,-0014.52
21,07,27,07,15,03,16.00,2911.00,-0019.22
21,07,27,07,15,05,15.00,3059.50,-0020.72
21,07,27,07,15,07,14.50,2911.50,-0019.23
21,07,27,07,15,09,15.00,2582.50,-0015.92
21,07,27,07,15,11,15.50,2261.00,-0012.69
21,07,27,07,15,13,16.50,1984.00,-0009.90
21,07,27,07,15,15,17.00,1696.00,-0007.00
21,07,27,07,15,17,17.50,1396.00,-0003.98
21,07,27,07,44,07,19.50,1136.00,-0001.37
21,07,27,07,44,09,19.50,1536.00,-0005.39
21,07,27,07,44,11,19.00,2009.50,-0010.16
21,07,27,07,44,13,18.00,2291.00,-0012.99
21,07,27,07,44,15,16.00,2698.50,-0017.09
21,07,27,07,44,17,15.00,2870.50,-0018.82
21,07,27,07,44,19,14.50,2617.00,-0016.27
21,07,27,07,44,21,14.50,2375.00,-0013.83
21,07,27,07,44,23,15.00,2097.00,-0011.04
21,07,27,07,44,25,16.50,1802.00,-0008.07
21,07,27,07,44,27,17.00,1489.50,-0004.92
21,07,27,07,44,29,17.50,1154.50,-0001.55
21,07,27,08,06,30,18.50,1105.50,-0001.06
21,07,27,08,06,34,18.50,1144.00,-0001.45
21,07,27,08,06,58,19.00,1387.00,-0003.89
21,07,27,08,07,00,18.50,1824.50,-0008.29
21,07,27,08,07,02,17.50,1964.50,-0009.70
21,07,27,08,07,04,17.00,1862.50,-0008.68
21,07,27,08,07,06,17.50,1688.00,-0006.92
21,07,27,08,07,08,18.00,1385.00,-0003.87
21,07,27,08,15,36,18.50,1276.50,-0002.78
21,07,27,08,15,38,18.50,1298.50,-0003.00
21,07,27,08,15,40,18.50,1364.00,-0003.66
21,07,27,08,15,42,18.50,1184.50,-0001.86
21,07,27,08,15,50,19.00,1123.50,-0001.24
21,07,27,08,15,52,19.00,1119.00,-0001.20
21,07,27,08,15,56,19.00,1274.50,-0002.76
21,07,27,08,15,58,19.00,1250.00,-0002.52
21,07,27,08,16,00,19.00,1200.00,-0002.01
21,07,27,08,16,20,19.00,1255.00,-0002.57
21,07,27,08,16,22,19.00,1193.00,-0001.94
21,07,27,08,16,34,19.00,1242.00,-0002.43
21,07,27,08,17,16,19.00,1234.00,-0002.35
21,07,27,08,17,18,19.00,1278.00,-0002.80
21,07,27,08,17,20,19.00,1200.50,-0002.02
21,07,27,08,17,24,19.00,1113.00,-0001.14
21,07,27,08,39,32,19.50,1125.00,-0001.26
21,07,27,08,39,34,19.50,1303.00,-0003.05
21,07,27,08,39,36,19.50,1339.50,-0003.42
21,07,27,08,39,38,19.50,1160.00,-0001.61
21,07,27,08,41,16,19.00,1111.00,-0001.12
21,07,27,08,41,18,19.00,1224.50,-0002.26
21,07,27,08,41,20,19.00,1190.50,-0001.92
21,07,27,08,41,28,19.00,1195.50,-0001.97
21,07,27,08,41,30,19.00,1293.00,-0002.95
21,07,27,08,41,32,19.00,1253.00,-0002.55
21,07,27,08,41,34,19.00,1130.00,-0001.31
21,07,27,08,41,54,19.00,1197.50,-0001.99
21,07,27,09,17,15,19.50,1239.50,-0002.41
21,07,27,09,17,17,19.50,1318.50,-0003.20
21,07,27,09,17,19,19.50,1488.50,-0004.91
21,07,27,09,17,21,19.50,1156.00,-0001.57
21,07,27,09,17,25,19.50,1177.50,-0001.79
21,07,27,09,17,27,19.50,1275.50,-0002.77
21,07,27,09,37,47,19.50,1241.50,-0002.43
21,07,27,09,37,49,19.00,1291.00,-0002.93
21,07,27,09,37,51,19.00,1254.50,-0002.56
21,07,27,10,47,13,20.50,1143.50,-0001.44
21,07,27,10,47,15,20.00,1441.50,-0004.44
21,07,27,10,47,17,19.50,1778.50,-0007.83
21,07,27,10,47,19,19.00,2233.00,-0012.40
21,07,27,10,47,21,17.00,2560.50,-0015.70
21,07,27,10,47,23,16.00,2726.00,-0017.36
21,07,27,10,47,25,15.00,2486.00,-0014.95
21,07,27,10,47,27,15.50,2220.00,-0012.27
21,07,27,10,47,29,16.50,1946.00,-0009.52
21,07,27,10,47,31,17.50,1662.00,-0006.66
21,07,27,10,47,33,17.50,1361.50,-0003.64
21,07,27,12,42,37,19.00,1180.00,-0001.81
21,07,27,12,42,39,19.00,1515.50,-0005.19
21,07,27,12,42,41,19.00,1722.00,-0007.26
21,07,27,12,42,43,18.50,1928.50,-0009.34
21,07,27,12,42,45,17.00,2101.00,-0011.08
21,07,27,12,42,47,16.00,2345.00,-0013.53
21,07,27,12,42,49,15.50,2466.50,-0014.75
21,07,27,12,42,51,15.00,2597.00,-0016.07
21,07,27,12,42,53,14.00,2876.50,-0018.88
21,07,27,12,42,55,13.50,2896.50,-0019.08
21,07,27,12,42,57,13.50,2880.00,-0018.91
21,07,27,12,42,59,13.00,2901.00,-0019.12
21,07,27,12,43,01,13.00,2670.00,-0016.80
21,07,27,12,43,03,13.00,2419.00,-0014.28
21,07,27,12,43,05,13.50,2143.50,-0011.50
21,07,27,12,43,07,14.00,1854.00,-0008.59
21,07,27,12,43,09,16.00,1569.00,-0005.72
21,07,27,12,43,11,17.00,1265.50,-0002.67
21,07,27,12,43,23,18.00,1207.50,-0002.09
21,07,27,12,43,25,18.50,1478.00,-0004.81
21,07,27,12,43,27,18.50,1488.50,-0004.91
21,07,27,12,43,29,18.50,1276.50,-0002.78
21,07,27,12,43,39,19.00,1414.50,-0004.17
21,07,27,12,43,41,19.00,1816.00,-0008.21
21,07,27,12,43,43,17.00,2125.50,-0011.32
21,07,27,12,43,45,16.00,2273.00,-0012.81
21,07,27,12,43,47,15.50,2510.50,-0015.20
21,07,27,12,43,49,14.50,2798.00,-0018.09
21,07,27,12,43,51,14.00,3028.00,-0020.40
21,07,27,12,43,53,13.50,3272.00,-0022.86
21,07,27,12,43,55,13.50,3272.00,-0022.86
21,07,27,12,43,57,13.00,3356.00,-0023.70
21,07,27,12,43,59,13.00,3427.50,-0024.42
21,07,27,12,44,01,13.00,3236.50,-0022.50
21,07,27,12,44,03,12.50,3035.00,-0020.47
21,07,27,12,44,05,12.50,2825.00,-0018.36
21,07,27,12,44,07,12.50,2605.50,-0016.15
21,07,27,12,44,09,13.00,2373.00,-0013.81
21,07,27,12,44,11,13.50,2091.50,-0010.98
21,07,27,12,44,13,14.00,1825.50,-0008.30
21,07,27,12,44,15,16.00,1552.00,-0005.55
21,07,27,12,44,17,17.00,1261.50,-0002.63
21,07,27,12,45,39,19.00,1360.00,-0003.62
21,07,27,12,45,41,19.00,1654.50,-0006.58
21,07,27,12,45,43,18.50,1931.00,-0009.37
21,07,27,12,45,45,17.50,1960.00,-0009.66
21,07,27,12,45,47,17.00,2003.00,-0010.09
21,07,27,12,45,49,16.50,2031.50,-0010.38
21,07,27,12,45,51,16.00,2063.00,-0010.69
21,07,27,12,45,53,16.00,2032.50,-0010.39
21,07,27,12,45,55,16.00,2045.00,-0010.51
21,07,27,12,45,57,15.50,2078.50,-0010.85
21,07,27,12,45,59,15.50,2040.50,-0010.47
21,07,27,12,46,01,15.50,2163.00,-0011.70
21,07,27,12,46,03,15.00,2135.50,-0011.42
21,07,27,12,46,05,15.00,1971.00,-0009.77
21,07,27,12,46,07,16.00,1657.50,-0006.61
21,07,27,12,46,09,17.00,1350.00,-0003.52
21,07,27,12,47,09,19.50,1112.00,-0001.13
21,07,27,12,47,11,19.50,1366.00,-0003.68
21,07,27,12,47,13,19.50,1666.50,-0006.70
21,07,27,12,47,15,18.50,1956.00,-0009.62
21,07,27,12,47,17,17.00,2289.00,-0012.97
21,07,27,12,47,19,16.00,2461.00,-0014.70
21,07,27,12,47,21,15.50,2453.00,-0014.62
21,07,27,12,47,23,15.00,2264.00,-0012.72
21,07,27,12,47,25,15.00,1923.50,-0009.29
21,07,27,12,47,27,16.50,1607.50,-0006.11
21,07,27,12,47,29,17.50,1278.50,-0002.80
21,07,27,15,53,07,18.00,1231.50,-0002.33
21,07,27,15,53,09,18.00,1364.50,-0003.67
21,07,27,18,26,16,17.00,1282.50,-0002.84
21,07,27,18,26,18,17.50,1373.00,-0003.75
21,07,27,18,32,47,18.50,1188.50,-0001.90
21,07,27,18,32,49,18.50,1417.50,-0004.20
21,07,27,18,32,51,19.00,1463.00,-0004.66
21,07,27,18,32,53,19.00,1332.50,-0003.34
21,07,27,18,33,37,19.00,1116.00,-0001.17
21,07,27,18,33,39,19.00,1199.00,-0002.00
21,07,27,18,33,41,19.00,1235.50,-0002.37
21,07,27,18,35,01,18.00,1185.50,-0001.87
21,07,27,18,35,03,18.50,1114.50,-0001.15
21,07,27,18,35,55,19.00,1108.00,-0001.09
21,07,27,18,36,41,19.00,1156.50,-0001.57
21,07,27,18,47,36,18.00,1287.50,-0002.89
21,07,27,18,47,38,18.00,1140.50,-0001.41
21,07,27,18,47,48,18.50,1141.50,-0001.42
21,07,27,18,47,50,18.50,1204.00,-0002.05
21,07,27,18,48,32,18.50,1137.00,-0001.38
21,07,27,18,49,30,18.00,1112.50,-0001.13
21,07,27,18,50,24,18.00,1163.00,-0001.64
21,07,27,18,50,50,18.50,1178.00,-0001.79
21,07,27,18,50,52,18.50,1307.00,-0003.09
21,07,27,18,50,58,18.50,1103.50,-0001.04
21,07,27,18,51,00,18.50,1252.00,-0002.54
21,07,27,19,17,34,19.00,1175.50,-0001.77
21,07,27,19,17,36,19.00,1478.50,-0004.81
21,07,27,19,17,38,19.00,1748.50,-0007.53
21,07,27,19,17,40,19.00,1721.50,-0007.26
21,07,27,19,17,42,19.00,1809.00,-0008.14
21,07,27,19,17,44,19.00,1838.00,-0008.43
21,07,27,19,17,46,19.00,1794.50,-0007.99
21,07,27,19,17,48,19.00,1742.00,-0007.46
21,07,27,19,17,50,19.00,1716.00,-0007.20
21,07,27,19,17,52,19.00,1776.50,-0007.81
21,07,27,19,17,54,19.00,1698.50,-0007.03
21,07,27,19,17,56,19.00,1669.00,-0006.73
21,07,27,19,17,58,19.00,1589.50,-0005.93
21,07,27,19,18,00,19.00,1558.00,-0005.61
21,07,27,19,18,02,19.00,1561.00,-0005.64
21,07,27,19,18,04,18.50,1426.00,-0004.29
21,07,27,19,18,30,18.50,1208.50,-0002.10
21,07,27,19,18,32,18.50,1116.50,-0001.17
21,07,27,19,18,34,18.50,1125.00,-0001.26
21,07,27,19,18,36,18.50,1132.50,-0001.33
21,07,27,19,18,38,18.50,1174.50,-0001.76
21,07,27,19,18,40,18.50,1240.00,-0002.41
21,07,27,19,18,42,18.50,1215.50,-0002.17
21,07,27,19,18,44,18.50,1306.00,-0003.08
21,07,27,19,18,46,18.50,1358.00,-0003.60
21,07,27,19,18,48,18.50,1334.00,-0003.36
21,07,27,19,18,50,18.50,1352.50,-0003.55
21,07,27,19,18,52,18.50,1335.00,-0003.37
21,07,27,19,18,54,18.50,1246.50,-0002.48
21,07,27,19,19,24,18.00,1193.00,-0001.94
21,07,27,19,19,26,18.50,1509.50,-0005.13
21,07,27,19,19,28,18.50,1779.00,-0007.84
21,07,27,19,19,30,18.50,1889.50,-0008.95
21,07,27,19,19,32,18.50,1930.50,-0009.36
21,07,27,19,19,34,18.50,1975.50,-0009.81
21,07,27,19,19,36,18.50,1949.00,-0009.55
21,07,27,19,19,38,18.50,1976.50,-0009.82
21,07,27,19,19,40,18.50,2028.50,-0010.35
21,07,27,19,19,42,18.50,1940.50,-0009.46
21,07,27,19,19,44,18.50,1720.50,-0007.25
21,07,27,19,19,46,18.50,1462.50,-0004.65
21,07,27,19,19,48,18.50,1162.50,-0001.63
21,07,28,06,11,25,15.50,1119.50,-0001.20
21,07,28,06,11,29,16.50,1166.50,-0001.67
21,07,28,06,11,31,17.00,1119.50,-0001.20
21,07,28,06,18,12,16.50,1239.00,-0002.40
21,07,28,06,18,14,16.50,1345.50,-0003.48
21,07,28,06,18,16,17.00,1522.00,-0005.25
21,07,28,06,18,18,17.00,1218.00,-0002.19
21,07,28,06,18,34,17.00,1239.50,-0002.41
21,07,28,06,18,36,17.00,1215.50,-0002.17
21,07,28,06,18,38,17.00,1232.50,-0002.34
21,07,28,06,19,04,17.00,1192.00,-0001.93
21,07,28,06,19,06,17.00,1329.50,-0003.31
21,07,28,06,19,08,17.00,1259.00,-0002.61
21,07,28,06,19,10,17.50,1385.00,-0003.87
21,07,28,06,19,12,17.50,1299.50,-0003.01
21,07,28,06,20,39,17.00,1357.50,-0003.60
21,07,28,06,20,41,17.00,1422.50,-0004.25
21,07,28,06,20,43,17.00,1459.50,-0004.62
21,07,28,06,20,45,17.00,1353.00,-0003.55
21,07,28,06,20,47,17.50,1290.00,-0002.92
21,07,28,06,29,31,17.50,1353.50,-0003.56
21,07,28,06,29,33,17.50,1658.00,-0006.62
21,07,28,06,29,35,17.50,1402.50,-0004.05
21,07,28,07,15,50,16.50,1338.50,-0003.41
21,07,28,07,15,52,16.50,1658.50,-0006.62
21,07,28,07,15,54,17.00,1981.00,-0009.87
21,07,28,07,15,56,17.00,2168.00,-0011.75
21,07,28,07,15,58,17.00,2135.50,-0011.42
21,07,28,07,16,00,17.00,2154.00,-0011.61
21,07,28,07,16,02,17.00,2160.00,-0011.67
21,07,28,07,16,04,17.00,2172.50,-0011.80
21,07,28,07,16,06,17.00,2190.00,-0011.97
21,07,28,07,16,08,17.00,2165.50,-0011.72
21,07,28,07,16,10,17.00,2160.50,-0011.67
21,07,28,07,16,12,17.00,2152.00,-0011.59
21,07,28,07,16,14,17.00,2176.00,-0011.83
21,07,28,07,16,16,17.00,2127.00,-0011.34
21,07,28,07,16,18,17.00,2203.00,-0012.10
21,07,28,07,16,20,17.00,2263.50,-0012.71
21,07,28,07,16,22,17.00,2211.50,-0012.19
21,07,28,07,16,24,17.00,2226.00,-0012.33
21,07,28,07,16,26,17.00,2217.50,-0012.25
21,07,28,07,16,28,16.50,2226.50,-0012.34
21,07,28,07,16,30,17.00,2139.50,-0011.46
21,07,28,07,16,32,17.00,1998.50,-0010.04
21,07,28,07,16,34,17.00,1679.00,-0006.83
21,07,28,07,16,36,17.00,1342.50,-0003.45
21,07,28,07,17,04,17.00,1339.50,-0003.42
21,07,28,07,17,06,17.00,1665.00,-0006.69
21,07,28,07,17,08,17.00,2014.50,-0010.21
21,07,28,07,17,10,17.00,2341.00,-0013.49
21,07,28,07,17,12,16.00,2598.00,-0016.08
21,07,28,07,17,14,16.00,2569.50,-0015.79
21,07,28,07,17,16,15.50,2627.50,-0016.37
21,07,28,07,17,18,15.50,2661.50,-0016.71
21,07,28,07,17,20,15.00,2657.00,-0016.67
21,07,28,07,17,22,15.00,2704.50,-0017.15
21,07,28,07,17,24,15.00,2698.00,-0017.08
21,07,28,07,17,26,15.00,2709.00,-0017.19
21,07,28,07,17,28,14.50,2718.50,-0017.29
21,07,28,07,17,30,14.50,2743.50,-0017.54
21,07,28,07,17,32,14.50,2702.50,-0017.13
21,07,28,07,17,34,14.50,2496.00,-0015.05
21,07,28,07,17,36,15.50,2206.50,-0012.14
21,07,28,07,17,38,16.00,1913.50,-0009.19
21,07,28,07,17,40,16.50,1599.00,-0006.03
21,07,28,07,17,42,16.50,1259.00,-0002.61
21,07,28,08,36,56,16.50,1384.50,-0003.87
21,07,28,08,36,58,16.50,1624.00,-0006.28
21,07,28,08,37,00,16.50,1908.50,-0009.14
21,07,28,08,37,02,17.00,2314.50,-0013.22
21,07,28,08,37,04,15.50,2757.50,-0017.68
21,07,28,08,37,06,15.00,2851.50,-0018.63
21,07,28,08,37,08,15.00,2623.50,-0016.33
21,07,28,08,37,10,15.50,2323.00,-0013.31
21,07,28,08,37,12,16.00,2048.50,-0010.55
21,07,28,08,37,14,16.50,1756.00,-0007.61
21,07,28,08,37,16,16.50,1440.50,-0004.43
21,07,28,08,37,18,16.50,1101.00,-0001.02
21,07,28,09,16,40,17.50,1334.00,-0003.36
21,07,28,09,16,42,17.50,1579.50,-0005.83
21,07,28,09,16,44,17.50,1674.00,-0006.78
21,07,28,09,16,46,17.50,1458.50,-0004.61
21,07,28,09,16,48,17.50,1122.00,-0001.23
21,07,28,09,59,58,19.00,1108.00,-0001.09
21,07,28,10,00,10,19.00,1202.50,-0002.04
21,07,28,10,00,12,19.00,1233.50,-0002.35
21,07,28,10,00,20,19.00,1304.00,-0003.06
21,07,28,10,00,22,19.00,1296.50,-0002.98
21,07,28,10,00,24,19.00,1185.50,-0001.87
21,07,28,10,00,26,19.00,1171.00,-0001.72
21,07,28,10,12,30,17.00,1279.50,-0002.81
21,07,28,10,12,32,17.50,1449.00,-0004.52
21,07,28,10,12,34,18.00,1451.50,-0004.54
21,07,28,10,12,36,18.00,1291.50,-0002.93
21,07,28,10,12,38,18.50,1273.50,-0002.75
21,07,28,10,12,40,18.50,1216.00,-0002.17
21,07,28,10,12,56,18.50,1214.50,-0002.16
21,07,28,10,12,58,18.50,1235.00,-0002.36
21,07,28,10,14,34,18.00,1198.50,-0002.00
21,07,28,10,14,36,18.00,1275.50,-0002.77
21,07,28,10,14,38,18.50,1266.00,-0002.68
21,07,28,10,14,40,18.50,1382.50,-0003.85
21,07,28,10,14,42,18.50,1169.00,-0001.70
21,07,28,10,15,06,18.50,1193.50,-0001.95
21,07,28,10,15,08,18.50,1202.50,-0002.04
21,07,28,10,15,18,18.50,1171.50,-0001.73
21,07,28,10,15,28,18.50,1237.00,-0002.38
21,07,28,10,22,03,17.00,1294.00,-0002.96
21,07,28,10,22,05,17.50,1434.00,-0004.37
21,07,28,10,22,07,17.50,1486.50,-0004.89
21,07,28,10,22,09,18.00,1510.50,-0005.14
21,07,28,10,22,11,18.00,1581.00,-0005.84
21,07,28,10,22,13,18.00,1638.50,-0006.42
21,07,28,10,22,15,18.00,1676.00,-0006.80
21,07,28,10,22,17,18.50,2031.50,-0010.38
21,07,28,10,22,19,17.00,2395.00,-0014.03
21,07,28,10,22,21,15.50,2554.00,-0015.63
21,07,28,10,22,23,15.00,2265.00,-0012.73
21,07,28,10,22,25,16.00,1995.00,-0010.01
21,07,28,10,22,27,17.00,1709.00,-0007.13
21,07,28,10,22,29,17.50,1409.50,-0004.12
21,07,28,10,23,07,18.00,1309.00,-0003.11
21,07,28,10,23,09,18.00,1494.50,-0004.97
21,07,28,10,23,11,18.00,1634.50,-0006.38
21,07,28,10,23,13,18.50,1720.00,-0007.24
21,07,28,10,23,15,18.50,1766.00,-0007.71
21,07,28,10,23,17,18.50,1796.50,-0008.01
21,07,28,10,23,19,18.50,1752.00,-0007.57
21,07,28,10,23,21,18.50,1659.50,-0006.63
21,07,28,10,23,23,18.50,1449.00,-0004.52
21,07,28,10,23,25,18.50,1108.50,-0001.09
21,07,28,10,26,34,18.00,1132.50,-0001.33
21,07,28,10,28,54,17.50,1143.50,-0001.44
21,07,28,10,28,56,18.00,1207.00,-0002.08
21,07,28,10,30,44,18.00,1316.50,-0003.18
21,07,28,10,30,46,18.50,1493.50,-0004.96
21,07,28,10,30,47,18.50,1529.00,-0005.32
21,07,28,10,30,49,18.50,1649.50,-0006.53
21,07,28,10,30,51,18.50,1660.50,-0006.64
21,07,28,10,30,53,18.50,1656.50,-0006.60
21,07,28,10,30,55,18.50,1557.50,-0005.61
21,07,28,10,30,57,18.50,1385.00,-0003.87
21,07,28,10,40,40,17.50,1344.50,-0003.47
21,07,28,10,40,42,18.00,1480.50,-0004.83
21,07,28,10,40,44,18.00,1401.50,-0004.04
21,07,28,10,40,46,18.00,1111.00,-0001.12
21,07,28,11,01,58,17.50,1250.00,-0002.52
21,07,28,11,02,00,18.00,1585.00,-0005.89
21,07,28,11,02,02,18.00,1953.00,-0009.59
21,07,28,11,02,04,17.50,2091.00,-0010.98
21,07,28,11,02,06,17.50,1982.50,-0009.88
21,07,28,11,02,08,18.00,1726.00,-0007.30
21,07,28,11,02,10,18.00,1439.50,-0004.42
21,07,28,11,02,12,18.00,1177.50,-0001.79
21,07,28,11,02,34,18.50,1153.00,-0001.54
21,07,28,11,16,23,18.50,1160.00,-0001.61
21,07,28,11,16,25,18.50,1389.00,-0003.91
21,07,28,11,16,29,18.50,1547.00,-0005.50
21,07,28,11,16,31,18.50,1166.50,-0001.67
21,07,28,11,16,45,18.50,1400.00,-0004.02
21,07,28,11,16,47,18.50,1169.00,-0001.70
21,07,28,11,30,41,15.50,1162.00,-0001.63
21,07,28,11,30,43,16.50,1464.50,-0004.67
21,07,28,11,30,45,17.00,1704.50,-0007.09
21,07,28,11,30,47,17.50,1904.50,-0009.10
21,07,28,11,30,49,17.50,2058.50,-0010.65
21,07,28,11,30,51,18.00,2027.50,-0010.34
21,07,28,11,30,53,18.00,1792.50,-0007.97
21,07,28,11,30,55,18.00,1652.00,-0006.56
21,07,28,11,30,57,18.00,1470.00,-0004.73
21,07,28,11,30,59,18.00,1161.00,-0001.62
21,07,28,12,03,23,15.00,1129.50,-0001.30
21,07,28,12,03,25,16.50,1517.50,-0005.21
21,07,28,12,03,27,17.00,1934.50,-0009.40
21,07,28,12,03,29,17.50,2326.50,-0013.34
21,07,28,12,03,31,15.00,2717.50,-0017.28
21,07,28,12,03,33,14.50,3103.50,-0021.16
21,07,28,12,03,35,14.00,3424.00,-0024.39
21,07,28,12,03,37,13.50,3460.00,-0024.75
21,07,28,12,03,39,13.50,3516.00,-0025.31
21,07,28,12,03,41,13.50,3609.00,-0026.25
21,07,28,12,03,43,13.00,3662.00,-0026.78
21,07,28,12,03,45,13.00,3835.00,-0028.52
21,07,28,12,03,47,13.00,3881.00,-0028.98
21,07,28,12,03,49,13.00,3925.50,-0029.43
21,07,28,12,03,51,13.00,3856.00,-0028.73
21,07,28,12,03,53,13.00,3756.00,-0027.73
21,07,28,12,03,55,13.00,3668.50,-0026.85
21,07,28,12,03,57,13.00,3609.00,-0026.25
21,07,28,12,03,59,12.50,3467.00,-0024.82
21,07,28,12,04,01,12.50,3250.00,-0022.64
21,07,28,12,04,03,12.50,3015.50,-0020.28
21,07,28,12,04,05,12.50,2767.50,-0017.78
21,07,28,12,04,07,12.50,2508.50,-0015.18
21,07,28,12,04,09,13.50,2243.50,-0012.51
21,07,28,12,04,11,15.50,1977.00,-0009.83
21,07,28,12,04,13,16.00,1690.50,-0006.95
21,07,28,12,04,15,16.50,1377.50,-0003.80
21,07,28,12,36,43,17.50,1331.50,-0003.33
21,07,28,12,36,45,18.00,1733.50,-0007.38
21,07,28,12,36,47,18.00,2108.00,-0011.15
21,07,28,12,36,49,18.00,2305.50,-0013.13
21,07,28,12,36,51,17.00,2537.00,-0015.46
21,07,28,12,36,53,15.50,2761.50,-0017.72
21,07,28,12,36,55,14.50,3024.50,-0020.37
21,07,28,12,36,57,14.50,2982.00,-0019.94
21,07,28,12,36,59,14.00,2772.00,-0017.83
21,07,28,12,37,01,14.00,2556.00,-0015.65
21,07,28,12,37,03,15.00,2365.50,-0013.74
21,07,28,12,37,05,16.50,2115.50,-0011.22
21,07,28,12,37,07,17.00,1844.00,-0008.49
21,07,28,12,37,09,17.50,1550.00,-0005.53
21,07,28,12,37,11,17.50,1232.50,-0002.34
21,07,28,12,38,01,17.50,1105.50,-0001.06
21,07,28,12,38,03,18.00,1409.00,-0004.11
21,07,28,12,38,05,18.00,1781.00,-0007.86
21,07,28,12,38,07,18.00,2159.00,-0011.66
21,07,28,12,38,09,18.00,2488.00,-0014.97
21,07,28,12,38,11,16.00,2780.50,-0017.91
21,07,28,12,38,13,15.00,3094.50,-0021.07
21,07,28,12,38,15,14.50,3355.00,-0023.69
21,07,28,12,38,17,14.00,3508.00,-0025.23
21,07,28,12,38,19,14.00,3508.50,-0025.24
21,07,28,12,38,21,13.50,3694.50,-0027.11
21,07,28,12,38,23,13.50,3631.50,-0026.47
21,07,28,12,38,25,13.00,3433.50,-0024.48
21,07,28,12,38,27,13.00,3175.50,-0021.89
21,07,28,12,38,29,13.00,2931.50,-0019.43
21,07,28,12,38,30,13.00,2816.00,-0018.27
21,07,28,12,38,32,13.00,2571.50,-0015.81
21,07,28,12,38,34,14.50,2333.50,-0013.42
21,07,28,12,38,36,16.00,2061.00,-0010.67
21,07,28,12,38,38,16.50,1793.50,-0007.98
21,07,28,12,38,40,17.00,1509.50,-0005.13
21,07,28,12,38,42,17.50,1182.00,-0001.83
21,07,28,14,28,46,15.50,1328.00,-0003.30
21,07,28,14,28,48,15.50,1107.50,-0001.08
21,07,28,14,29,48,15.00,1215.00,-0002.16
21,07,28,14,30,54,15.00,1180.50,-0001.82
21,07,28,14,30,56,15.00,1365.50,-0003.68
21,07,28,14,30,58,15.50,1441.50,-0004.44
21,07,28,14,31,00,15.50,1532.00,-0005.35
21,07,28,14,31,02,15.50,1316.50,-0003.18
21,07,28,14,31,04,15.50,1315.00,-0003.17
21,07,28,14,31,06,15.50,1327.00,-0003.29
21,07,28,14,31,26,15.50,1237.50,-0002.39
21,07,28,14,32,48,15.00,1155.00,-0001.56
21,07,28,14,32,50,15.00,1199.50,-0002.01
21,07,28,14,32,52,15.00,1144.50,-0001.45
21,07,28,14,33,22,15.00,1101.50,-0001.02
21,07,28,14,33,26,15.00,1132.50,-0001.33
21,07,28,14,33,36,15.00,1167.00,-0001.68
21,07,28,14,33,38,15.00,1205.00,-0002.06
21,07,28,14,33,40,15.50,1135.50,-0001.36
21,07,28,14,33,42,15.50,1115.00,-0001.16
21,07,28,14,33,52,15.50,1232.00,-0002.33
21,07,28,14,33,54,15.50,1242.00,-0002.43
21,07,28,14,35,28,15.00,1135.50,-0001.36
21,07,28,14,40,44,15.00,1182.50,-0001.84
21,07,28,14,40,46,15.00,1158.00,-0001.59
21,07,28,14,40,52,15.00,1151.00,-0001.52
21,07,28,14,40,54,15.00,1473.50,-0004.76
21,07,28,14,40,56,15.00,1280.00,-0002.82
21,07,28,14,40,58,15.00,1143.00,-0001.44
21,07,28,16,16,55,15.00,1164.50,-0001.65
21,07,28,16,17,05,15.00,1179.50,-0001.81
21,07,28,16,17,59,15.00,1100.00,-0698.33
21,07,28,16,19,59,15.00,1237.50,-0002.39
21,07,28,16,20,17,15.00,1110.50,-0001.11
21,07,28,16,20,59,15.00,1197.50,-0001.99
21,07,28,16,28,12,15.00,1149.50,-0001.50
21,07,28,16,29,28,15.00,1162.50,-0001.63
21,07,28,16,29,32,15.00,1213.00,-0002.14
21,07,28,16,29,34,15.00,1297.50,-0002.99
21,07,28,16,30,00,15.00,1145.50,-0001.46
21,07,28,16,30,12,15.00,1149.00,-0001.50
21,07,28,16,34,18,14.50,1228.00,-0002.29
21,07,28,16,34,20,14.50,1219.50,-0002.21
21,07,28,16,34,58,15.00,1203.00,-0002.04
21,07,28,16,35,04,15.00,1270.00,-0002.72
21,07,28,16,37,20,15.50,1248.50,-0002.50
21,07,28,16,37,22,15.50,1282.50,-0002.84
21,07,28,16,59,42,16.00,1117.00,-0001.18
21,07,28,16,59,44,15.50,1302.00,-0003.04
21,07,28,16,59,46,15.50,1386.00,-0003.88
21,07,28,16,59,48,15.50,1485.50,-0004.88
21,07,28,16,59,50,15.50,1215.50,-0002.17
21,07,28,17,10,45,15.00,1187.00,-0001.88
21,07,28,17,10,47,15.00,1301.50,-0003.03
21,07,28,17,10,49,15.00,1258.50,-0002.60
21,07,28,17,15,54,14.50,1233.00,-0002.34
21,07,28,17,15,56,14.50,1490.00,-0004.93
21,07,28,17,15,58,14.50,1597.50,-0006.01
21,07,28,17,16,00,15.00,1723.50,-0007.28
21,07,28,17,16,02,15.00,1714.00,-0007.18
21,07,28,17,16,04,15.00,1474.00,-0004.77
21,07,28,17,16,06,15.00,1262.50,-0002.64
21,07,28,17,16,40,14.50,1433.00,-0004.36
21,07,28,17,16,42,14.50,1755.50,-0007.60
21,07,28,17,16,44,15.00,2075.50,-0010.82
21,07,28,17,16,46,14.50,2400.00,-0014.08
21,07,28,17,16,48,14.50,2353.50,-0013.62
21,07,28,17,16,50,14.50,2135.00,-0011.42
21,07,28,17,16,52,15.00,1872.50,-0008.78
21,07,28,17,16,54,15.00,1844.00,-0008.49
21,07,28,17,16,56,15.00,1668.00,-0006.72
21,07,28,17,16,58,15.00,1376.00,-0003.78
21,07,28,17,17,00,15.00,1272.00,-0002.74
21,07,28,17,22,23,15.00,1187.50,-0001.89
21,07,28,17,22,25,15.00,1310.00,-0003.12
21,07,28,17,22,27,15.00,1228.50,-0002.30
21,07,28,17,29,57,15.00,1171.50,-0001.73
21,07,28,17,29,59,15.00,1284.00,-0002.86
21,07,28,17,30,01,15.00,1104.50,-0001.05
21,07,28,17,30,29,15.00,1138.00,-0001.39
21,07,28,17,30,31,15.00,1330.00,-0003.32
21,07,28,17,30,33,15.00,1527.50,-0005.31
21,07,28,17,30,35,15.00,1789.50,-0007.94
21,07,28,17,30,37,15.00,1687.50,-0006.92
21,07,28,17,30,39,15.00,1680.50,-0006.85
21,07,28,17,30,41,15.00,1464.00,-0004.67
21,07,28,17,30,43,15.00,1297.00,-0002.99
21,07,28,17,30,45,15.00,1163.00,-0001.64
21,07,28,17,31,11,15.00,1122.00,-0001.23
21,07,28,17,45,34,14.00,1242.00,-0002.43
21,07,28,17,45,36,14.50,1666.00,-0006.70
21,07,28,17,45,38,14.50,2148.50,-0011.55
21,07,28,17,45,40,14.50,2364.00,-0013.72
21,07,28,17,45,42,14.50,2600.50,-0016.10
21,07,28,17,45,44,14.50,2779.00,-0017.90
21,07,28,17,45,46,14.50,2970.00,-0019.82
21,07,28,17,45,48,14.50,3176.00,-0021.89
21,07,28,17,45,50,14.50,3359.00,-0023.73
21,07,28,17,45,52,14.50,3289.50,-0023.03
21,07,28,17,45,54,14.50,3163.00,-0021.76
21,07,28,17,45,56,14.50,3118.00,-0021.31
21,07,28,17,45,58,14.50,2794.50,-0018.05
21,07,28,17,46,00,14.50,2494.50,-0015.03
21,07,28,17,46,02,14.50,2207.00,-0012.14
21,07,28,17,46,04,14.50,1933.50,-0009.39
21,07,28,17,46,06,14.50,1648.00,-0006.52
21,07,28,17,46,08,14.50,1347.50,-0003.50
21,07,28,17,49,53,14.50,1426.50,-0004.29
21,07,28,17,49,55,14.50,1844.00,-0008.49
21,07,28,17,49,57,14.50,2152.00,-0011.59
21,07,28,17,49,59,14.50,2014.00,-0010.20
21,07,28,17,50,01,14.50,1742.00,-0007.46
21,07,28,17,50,03,14.50,1502.50,-0005.06
21,07,28,17,50,05,14.50,1183.50,-0001.85
