day,month,year,hour,minute,second,abs.second,sats,Latitude,Longitude,Altitude,var1,var2,var3
25,07,21,03,03,30,11010.750,7,52.108497,-7.087393,60.00,9999.999,0.000001667260,4.14
25,07,21,03,08,30,11310.790,8,52.108854,-7.089501,60.75,-2.730,0.000001922764,4.14
25,07,21,03,13,32,11612.790,6,52.109541,-7.092942,56.75,-3.370,0.000002890111,4.14
25,07,21,03,18,33,11913.780,6,52.109870,-7.094887,43.00,-3.535,0.000001325759,4.14
25,07,21,03,23,36,12216.805,5,52.110633,-7.096672,1.50,-3.290,0.000000892569,4.14
25,07,21,03,28,35,12515.280,7,52.110881,-7.098386,36.50,-2.835,0.000001833304,4.14
25,07,21,03,33,35,12815.295,8,52.111553,-7.099946,52.25,-2.485,0.000004284755,4.14
25,07,21,03,38,37,13117.795,5,52.112046,-7.101798,43.50,-2.780,0.000001223578,4.14
25,07,21,03,43,36,13416.800,6,52.112582,-7.103078,51.00,-3.350,0.000001739459,4.14
25,07,21,03,48,36,13716.300,8,52.113104,-7.146094,66.00,-3.235,0.000001173325,4.14
25,07,21,03,53,36,14016.805,8,52.111689,-7.188939,59.75,-2.890,0.000002315058,4.14
25,07,21,03,58,38,14318.300,8,52.109406,-7.228306,54.00,-2.775,0.000005524266,4.14
25,07,21,04,03,37,14617.315,7,52.104591,-7.267527,59.00,-2.635,0.000003033912,4.14
25,07,21,04,08,37,14917.815,6,52.109358,-7.290405,47.50,-2.865,0.000002497424,4.14
25,07,21,04,13,38,15218.805,7,52.109403,-7.290920,44.25,-3.305,0.000002220589,4.14
25,07,21,04,18,39,15519.305,7,52.109360,-7.291259,48.25,-3.165,0.000006026049,4.14
25,07,21,04,23,39,15819.815,7,52.109318,-7.291776,50.50,-2.870,0.000002023062,4.14
25,07,21,04,28,40,16120.820,7,52.109150,-7.291820,53.25,-3.035,0.000003167105,4.14
25,07,21,04,33,41,16421.825,6,52.109080,-7.292363,44.25,-3.260,0.000001569686,4.14
25,07,21,04,38,43,16723.320,7,52.108949,-7.292870,51.75,-3.040,0.000002036500,4.14
25,07,21,04,43,43,17023.300,6,52.109197,-7.293487,41.25,-2.580,0.000002124181,4.14
25,07,21,04,48,42,17322.850,6,52.108940,-7.293205,55.00,-2.695,0.000002083622,4.14
25,07,21,04,53,44,17624.325,7,52.108772,-7.293629,50.50,-2.970,0.000003777948,4.14
25,07,21,04,58,43,17923.840,6,52.108456,-7.293814,7.75,-3.055,0.000002629254,4.14
25,07,21,05,03,44,18224.335,8,52.103903,-7.318136,55.50,-2.955,0.000005792961,4.12
25,07,21,05,08,47,18527.835,6,52.102761,-7.320513,49.00,-2.865,0.000004882094,4.14
25,07,21,05,13,48,18828.845,5,52.102447,-7.320590,66.25,-3.115,0.000000457951,4.12
25,07,21,05,18,46,19126.845,7,52.102365,-7.320507,59.00,-3.280,0.000003157963,4.14
25,07,21,05,23,48,19428.840,6,52.101803,-7.320966,70.50,-3.240,0.000003359970,4.14
25,07,21,05,28,48,19728.840,8,52.089573,-7.351146,53.00,-3.140,0.000003770558,4.12
25,07,21,05,33,49,20029.240,6,52.078892,-7.392054,23.75,-2.910,0.000002970866,4.14
25,07,21,05,38,50,20330.870,6,52.084731,-7.411525,77.25,-2.830,0.000002891099,4.12
25,07,21,05,43,51,20631.860,5,52.084318,-7.411834,82.50,-3.095,0.000000827057,4.14
25,07,21,05,49,05,20945.945,6,52.070267,-7.429578,65.00,-3.230,0.000003872653,4.14
25,07,21,05,54,07,21247.840,5,52.070000,-7.428317,41.00,-3.175,0.000000815572,4.12
25,07,21,05,59,06,21546.855,6,52.069651,-7.428783,53.00,-3.125,0.000005345258,4.14
25,07,21,06,04,06,21846.865,7,52.069363,-7.429178,62.50,-3.115,0.000003648544,4.14
25,07,21,06,09,08,22148.365,7,52.069059,-7.429541,61.75,-2.880,0.000004811807,4.14
25,07,21,06,14,08,22448.370,7,52.068826,-7.429862,62.00,-2.515,0.000005079219,4.12
25,07,21,06,19,07,22747.345,8,52.067958,-7.427603,36.00,-2.460,0.000004935302,4.14
25,07,21,06,24,07,23047.350,10,52.064514,-7.428119,45.75,-2.625,0.000003804430,4.12
25,07,21,06,31,09,23469.155,7,52.064633,-7.423236,59.75,-2.830,0.000003123786,4.12
25,07,21,06,36,30,23790.030,6,52.064324,-7.423320,42.00,-3.010,0.000000644415,4.12
25,07,21,06,42,00,24120.050,6,52.064009,-7.423471,41.75,-3.050,0.000001780740,4.12
25,07,21,06,47,40,24460.500,5,52.062981,-7.422077,45.25,-2.745,0.000000849006,4.14
25,07,21,06,52,42,24762.935,6,52.062743,-7.420896,51.00,-2.630,0.000001860952,4.12
25,07,21,06,57,41,25061.870,8,52.051057,-7.442612,43.50,-3.040,0.000002535433,4.12
25,07,21,07,02,43,25363.370,8,52.045787,-7.454866,60.75,-3.085,0.000003801367,4.12
25,07,21,07,07,48,25668.905,5,52.036786,-7.463259,29.75,-2.885,0.000001011608,4.12
25,07,21,07,12,47,25967.875,6,52.036698,-7.463235,53.25,-3.010,0.000002135342,4.14
25,07,21,07,18,20,26300.580,7,52.035417,-7.463293,50.25,-2.835,0.000001243769,4.12
25,07,21,07,23,24,26604.905,6,52.035768,-7.462928,43.00,-2.670,0.000001915682,4.14
25,07,21,07,29,30,26970.780,7,52.035831,-7.462231,49.25,-2.575,0.000002781226,4.12
25,07,21,07,34,42,27282.505,7,52.035737,-7.460502,42.75,-2.310,0.000002529744,4.12
25,07,21,07,41,50,27710.520,5,52.034969,-7.459050,-42.75,-2.355,0.000001286802,4.12
25,07,21,07,46,43,28003.395,7,52.035431,-7.457816,51.50,-2.565,0.000002469691,4.12
25,07,21,07,53,46,28426.675,5,52.034190,-7.465317,29.00,-2.570,0.000000308177,4.12
25,07,21,08,00,45,28845.140,7,52.033991,-7.464894,48.25,-2.595,0.000003071008,4.12
25,07,21,08,07,46,29266.625,6,52.033953,-7.464543,49.25,-2.630,0.000001613257,4.12
25,07,21,08,14,46,29686.650,7,52.033988,-7.463982,59.00,-2.380,0.000001800852,4.12
25,07,21,08,19,47,29987.400,7,52.043330,-7.475422,40.00,-2.350,0.000000996718,4.12
25,07,21,08,24,46,30286.910,7,52.043123,-7.474676,59.75,-2.830,0.000002069954,4.12
25,07,21,08,29,47,30587.910,8,52.042923,-7.474341,58.25,-3.330,0.000003496450,4.12
25,07,21,08,34,48,30888.410,8,52.044978,-7.475225,49.75,-3.090,0.000005015584,4.12
25,07,21,08,39,48,31188.910,8,52.061032,-7.482943,63.75,-2.720,0.000004633372,4.12
25,07,21,08,44,49,31489.910,7,52.060623,-7.482753,53.50,-2.905,0.000001845029,4.12
25,07,21,08,49,50,31790.905,8,52.060052,-7.482701,31.50,-3.185,0.000003057014,4.12
25,07,21,08,56,52,32212.195,7,52.060352,-7.479525,47.25,-3.090,0.000005951215,4.12
25,07,21,09,02,40,32560.200,7,52.059526,-7.475992,29.50,-2.755,0.000002210522,4.12
25,07,21,09,07,40,32860.925,7,52.059223,-7.475955,48.50,-2.770,0.000002838527,4.12
25,07,21,09,12,42,33162.420,8,52.063669,-7.475722,52.75,-2.835,0.000003981601,4.12
25,07,21,09,17,41,33461.915,8,52.067986,-7.469236,37.50,-2.865,0.000002696338,4.12
25,07,21,09,22,42,33762.915,8,52.067720,-7.469669,29.00,-3.100,0.000002373199,4.12
25,07,21,09,27,43,34063.930,8,52.069015,-7.474081,50.50,-3.195,0.000004180495,4.12
25,07,21,09,32,44,34364.925,7,52.068620,-7.474495,39.75,-3.120,0.000004877938,4.12
25,07,21,09,37,46,34666.930,6,52.068246,-7.474499,59.00,-3.035,0.000001271127,4.12
25,07,21,09,42,46,34966.425,8,52.068283,-7.476524,56.50,-2.780,0.000006199343,4.12
25,07,21,09,47,46,35266.930,8,52.068512,-7.479392,34.00,-2.695,0.000003836639,4.12
25,07,21,09,52,47,35567.935,8,52.068139,-7.480211,36.25,-3.025,0.000003871679,4.12
25,07,21,09,57,47,35867.935,7,52.067929,-7.481108,48.00,-3.230,0.000001830295,4.12
25,07,21,10,02,48,36168.940,9,52.067745,-7.481939,48.00,-3.165,0.000003683723,4.12
25,07,21,10,07,49,36469.945,7,52.067499,-7.483108,34.25,-3.025,0.000002103189,4.12
25,07,21,10,12,51,36771.945,6,52.066966,-7.484392,43.25,-2.985,0.000000903824,4.12
25,07,21,10,18,53,37133.335,5,52.067793,-7.485052,56.50,-2.840,0.000000568892,4.12
25,07,21,10,23,52,37432.950,6,52.067234,-7.485886,50.00,-2.785,0.000001675297,4.12
25,07,21,10,28,58,37738.015,6,52.065485,-7.486610,50.50,-2.990,0.000001365498,4.12
25,07,21,10,33,58,38038.950,6,52.065320,-7.487387,55.75,-3.120,0.000001418736,4.12
25,07,21,10,39,28,38368.140,6,52.062727,-7.484721,49.00,-3.020,0.000003942338,4.12
25,07,21,10,44,36,38677.000,7,52.062580,-7.485100,50.50,-2.880,0.000002384669,4.12
25,07,21,10,49,38,38978.950,6,52.062495,-7.485828,16.00,-2.955,0.000002357744,4.12
25,07,21,10,54,39,39279.965,6,52.062341,-7.486491,50.75,-3.080,0.000000986630,4.12
25,07,21,10,59,38,39578.450,8,52.062817,-7.486437,30.25,-2.855,0.000004134378,4.12
25,07,21,11,05,52,39952.375,8,52.063675,-7.487346,43.75,-2.475,0.000004383319,4.12
25,07,21,11,10,52,40252.955,7,52.066638,-7.485182,41.00,-2.645,0.000005252415,4.12
25,07,21,11,17,54,40674.255,7,52.061200,-7.483695,53.75,-2.980,0.000003441620,4.12
25,07,21,11,22,55,40975.460,7,52.061065,-7.484857,37.50,-2.810,0.000005401181,4.12
25,07,21,11,27,54,41274.960,7,52.061388,-7.513125,37.00,-2.705,0.000003076161,4.12
25,07,21,11,32,56,41576.465,7,52.059769,-7.486405,39.25,-2.735,0.000004595034,4.12
25,07,21,11,37,55,41875.475,7,52.078426,-7.472156,59.00,-2.545,0.000004118598,4.12
25,07,21,11,42,55,42175.465,8,52.085624,-7.457201,35.75,-2.435,0.000002498886,4.12
25,07,21,11,47,55,42475.475,7,52.078383,-7.479220,40.00,-2.475,0.000003684550,4.12
25,07,21,11,52,55,42775.975,7,52.061904,-7.497497,41.00,-2.795,0.000002260770,4.12
25,07,21,11,58,27,43107.165,7,52.060866,-7.500076,45.00,-3.090,0.000003389882,4.12
25,07,21,12,03,27,43407.480,7,52.050120,-7.509994,31.75,-2.825,0.000002959808,4.12
25,07,21,12,08,27,43707.975,8,52.032313,-7.494681,31.25,-2.640,0.000003140852,4.12
25,07,21,12,13,28,44008.990,7,52.011501,-7.508540,40.75,-2.925,0.000001747778,4.12
25,07,21,12,18,59,44339.665,7,52.002614,-7.531186,43.50,-2.815,0.000002192613,4.12
25,07,21,12,24,58,44698.875,7,52.002331,-7.532423,40.25,-2.175,0.000001195610,4.12
25,07,21,12,29,58,44998.485,10,52.001113,-7.541286,47.25,9999.999,0.000002986381,4.12
25,07,21,12,34,58,45298.495,7,51.995846,-7.556723,56.00,-2.510,0.000003070222,4.12
25,07,21,12,39,59,45599.490,8,51.977182,-7.583084,48.50,-2.675,0.000001737592,4.12
25,07,21,12,44,58,45898.495,8,51.964784,-7.628139,48.75,-2.590,0.000003782161,4.12
25,07,21,12,49,58,46198.510,8,51.947551,-7.671046,45.50,-2.455,0.000003098071,4.12
25,07,21,12,54,59,46499.005,7,51.928938,-7.709890,54.75,-2.675,0.000001528557,4.12
25,07,21,12,59,59,46799.505,9,51.908627,-7.739317,50.50,-2.855,0.000002648275,4.12
25,07,21,13,05,00,47100.505,7,51.887930,-7.771699,63.25,-2.585,0.000002008060,4.12
25,07,21,13,09,59,47399.515,8,51.865876,-7.799146,47.25,-2.355,0.000002124924,4.12
25,07,21,13,15,00,47700.015,9,51.856107,-7.801918,46.00,-2.620,0.000003821235,4.12
25,07,21,13,20,01,48001.510,8,51.871551,-7.813385,42.75,-2.870,0.000003127059,4.12
25,07,21,13,26,03,48363.420,7,51.869568,-7.815463,45.00,-2.660,0.000003321177,4.12
25,07,21,13,31,04,48664.520,7,51.869589,-7.816198,43.50,-2.425,0.000001711255,4.10
25,07,21,13,36,03,48963.515,6,51.869600,-7.817028,47.50,-2.365,0.000002194226,4.12
25,07,21,13,41,03,49263.505,7,51.869630,-7.817581,62.25,-2.460,0.000002687706,4.12
25,07,21,13,48,04,49684.790,7,51.863832,-7.811141,47.25,-2.400,0.000003048345,4.12
25,07,21,13,55,05,50105.750,7,51.864320,-7.812397,44.75,-2.200,0.000004937269,4.12
25,07,21,14,02,06,50526.220,6,51.864773,-7.813278,59.75,-2.415,0.000004555689,4.12
25,07,21,14,09,07,50947.755,7,51.864922,-7.813646,17.00,-2.620,0.000003164697,4.12
25,07,21,14,16,08,51368.230,6,51.865580,-7.813805,2.00,-2.610,0.000004764900,4.12
25,07,21,14,23,10,51790.270,7,51.866438,-7.812731,36.00,-2.745,0.000004225666,4.12
25,07,21,14,30,10,52210.245,7,51.866876,-7.812723,46.25,-2.810,0.000003037044,4.10
25,07,21,14,37,11,52631.740,7,51.867291,-7.812763,40.50,-2.540,0.000005492446,4.12
25,07,21,14,44,13,53053.740,6,51.867527,-7.813174,32.00,-2.125,0.000006288293,4.12
25,07,21,14,51,13,53473.735,7,51.868121,-7.813380,31.75,-2.055,0.000005732871,4.12
25,07,21,14,58,14,53894.255,9,51.869074,-7.813871,56.25,-2.470,0.000005143512,4.10
25,07,21,15,05,15,54315.240,7,51.869629,-7.814225,52.75,-2.960,0.000005725850,4.10
25,07,21,15,12,17,54737.740,6,51.870178,-7.814405,41.75,-2.755,0.000000988303,4.12
25,07,21,15,19,17,55157.275,7,51.871500,-7.816758,44.25,-2.390,0.000007855249,4.10
25,07,21,15,26,18,55578.270,8,51.872144,-7.816766,41.25,-2.545,0.000004401613,4.12
25,07,21,15,33,19,55999.275,7,51.872778,-7.816706,63.00,-2.805,0.000004843152,4.12
25,07,21,15,40,20,56420.265,8,51.873511,-7.816375,45.50,-2.860,0.000007592113,4.10
25,07,21,15,47,21,56841.290,7,51.874448,-7.816275,24.25,-2.750,0.000005975059,4.10
25,07,21,15,54,22,57262.280,7,51.875113,-7.815941,77.00,-2.660,0.000005802690,4.10
25,07,21,16,01,23,57683.310,7,51.875827,-7.815371,60.75,-2.660,0.000003859091,4.10
25,07,21,16,08,24,58104.290,8,51.876550,-7.815018,70.75,-2.700,0.000002799956,4.10
25,07,21,16,15,25,58525.280,8,51.877217,-7.814496,81.00,-2.735,0.000009262195,4.10
25,07,21,16,22,26,58946.295,6,51.877984,-7.813762,32.25,-2.730,0.000001325279,4.10
25,07,21,16,29,28,59368.810,6,51.878867,-7.813362,43.25,-2.445,0.000003925384,4.12
25,07,21,16,36,28,59788.815,7,51.876155,-7.809311,54.00,-2.045,0.000003688016,4.10
25,07,21,16,42,15,60135.855,9,51.871476,-7.810127,66.25,-1.965,0.000005782132,4.10
25,07,21,16,47,16,60436.065,7,51.870061,-7.800771,65.50,-2.500,0.000003911941,4.10
25,07,21,16,52,16,60736.560,6,51.870807,-7.800120,62.25,9999.999,0.000008213881,4.10
25,07,21,16,57,17,61037.080,7,51.871197,-7.799241,50.00,-2.680,0.000003563056,4.10
25,07,21,17,02,17,61337.570,6,51.871878,-7.798646,34.75,-2.765,0.000007141249,4.10
25,07,21,17,07,18,61638.095,7,51.872345,-7.797480,71.00,-2.710,0.000002256791,4.10
25,07,21,17,12,18,61938.080,7,51.872485,-7.796877,55.50,-2.885,0.000003048583,4.10
25,07,21,17,17,19,62239.085,7,51.871157,-7.788315,58.00,-3.005,0.000001670275,4.10
25,07,21,17,22,20,62540.095,6,51.871632,-7.786872,67.75,-2.970,0.000000565260,4.10
25,07,21,17,27,21,62841.090,6,51.871858,-7.785431,61.50,-2.890,0.000001252086,4.10
25,07,21,17,32,22,63142.090,6,51.872213,-7.784048,53.25,-2.870,0.000001025616,4.12
25,07,21,17,37,23,63443.100,6,51.872494,-7.782779,56.75,-2.895,0.000002343163,4.10
25,07,21,17,42,24,63744.095,6,51.872879,-7.781639,55.25,-2.915,0.000001122740,4.12
25,07,21,17,47,25,64045.105,6,51.873112,-7.780391,50.75,-2.910,0.000002070941,4.10
25,07,21,17,52,26,64346.100,7,51.873353,-7.778931,54.50,-2.895,0.000002227691,4.10
25,07,21,17,57,27,64647.105,8,51.873694,-7.777597,63.75,-2.890,0.000003093123,4.10
25,07,21,18,02,27,64947.110,7,51.878176,-7.786661,62.25,-2.890,0.000002917573,4.10
25,07,21,18,07,28,65248.100,6,51.878467,-7.789394,57.50,-2.895,0.000002366061,4.10
25,07,21,18,12,29,65549.105,7,51.878741,-7.788351,62.75,-2.900,0.000001908973,4.10
25,07,21,18,17,30,65850.110,6,51.879040,-7.787261,59.00,-2.895,0.000002317766,4.10
25,07,21,18,22,31,66151.115,6,51.879330,-7.785874,61.50,-2.885,0.000000316382,4.10
25,07,21,18,27,32,66452.115,6,51.879572,-7.784718,83.25,-2.880,0.000002595379,4.10
25,07,21,18,32,33,66753.110,7,51.879742,-7.783588,57.50,-2.885,0.000003118714,4.10
25,07,21,18,37,34,67054.115,7,51.879773,-7.782414,61.50,-2.890,0.000001774533,4.10
25,07,21,18,42,35,67355.110,7,51.879700,-7.781336,69.25,-2.890,0.000004494772,4.10
25,07,21,18,47,36,67656.120,6,51.879418,-7.779778,103.00,-2.885,0.000002790131,4.10
25,07,21,18,52,36,67956.115,7,51.879108,-7.778532,70.00,-2.880,0.000002094412,4.10
25,07,21,18,57,37,68257.120,6,51.878917,-7.777585,106.00,-2.880,0.000001450534,4.12
25,07,21,19,02,38,68558.120,6,51.878788,-7.776510,104.00,-2.880,0.000002966899,4.10
25,07,21,19,07,39,68859.120,6,51.878668,-7.775453,102.75,-2.880,0.000001571095,4.10
25,07,21,19,12,40,69160.130,6,51.878248,-7.774417,85.75,-2.875,0.000004170762,4.10
25,07,21,19,17,40,69460.625,8,51.878250,-7.773735,80.75,-2.620,0.000004523069,4.10
25,07,21,19,22,40,69760.620,9,51.884143,-7.775550,53.75,-2.250,0.000007452434,4.10
25,07,21,19,27,40,70060.620,7,51.899768,-7.791562,78.50,-2.195,0.000002837484,4.10
25,07,21,19,32,40,70360.625,7,51.918995,-7.813126,59.75,-2.350,0.000002856749,4.10
25,07,21,19,37,47,70667.220,6,51.924610,-7.820693,58.50,-2.655,0.000002499563,4.10
25,07,21,19,42,46,70966.625,6,51.915674,-7.825443,106.75,-2.730,0.000005251159,4.10
25,07,21,19,47,46,71266.630,7,51.898836,-7.843869,68.50,-2.410,0.000003249561,4.10
25,07,21,19,52,46,71566.620,8,51.882237,-7.796852,80.25,-2.215,0.000003370266,4.10
25,07,21,19,57,46,71866.625,7,51.882694,-7.751359,89.75,-2.280,0.000006218390,4.10
25,07,21,20,04,47,72287.910,6,51.883277,-7.750768,47.00,-2.265,0.000002232477,4.10
25,07,21,20,11,48,72708.415,6,51.900427,-7.751183,97.00,-2.330,0.000005887138,4.10
25,07,21,20,18,52,73132.800,4,51.883442,-7.764492,97.00,-2.425,0.000000159189,4.10
25,07,21,20,23,49,73429.625,9,51.889109,-7.761276,52.50,-2.335,0.000004796978,4.10
25,07,21,20,30,50,73850.415,8,51.899121,-7.749357,52.00,-2.435,0.000004105831,4.10
25,07,21,20,36,09,74169.745,6,51.899042,-7.747776,60.25,-2.470,0.000000453657,4.10
25,07,21,20,41,10,74470.640,9,51.893256,-7.752089,58.50,-2.325,0.000004012247,4.10
25,07,21,20,46,10,74770.645,7,51.919842,-7.759829,54.00,-2.285,0.000001659635,4.10
25,07,21,20,51,11,75071.145,8,51.912511,-7.768265,43.75,-2.585,0.000003390746,4.10
25,07,21,20,56,11,75371.645,6,51.912090,-7.767213,53.75,-2.755,0.000001910542,4.10
25,07,21,21,01,13,75673.155,6,51.911548,-7.767028,40.25,-2.685,0.000000949613,4.10
25,07,21,21,06,13,75973.655,6,51.910889,-7.766737,34.25,-2.560,0.000001171367,4.10
25,07,21,21,11,13,76273.150,7,51.910305,-7.766340,63.50,-2.535,0.000005465900,4.10
25,07,21,21,16,14,76574.165,8,51.909413,-7.765495,48.75,-2.830,0.000001882818,4.10
25,07,21,21,21,15,76875.170,7,51.908556,-7.764976,48.50,-2.980,0.000001413400,4.10
25,07,21,21,26,15,77175.670,7,51.907725,-7.764631,49.00,-2.655,0.000003218331,4.10
25,07,21,21,31,15,77475.665,6,51.906772,-7.764082,40.50,-2.170,0.000001716463,4.10
25,07,21,21,36,15,77775.670,6,51.905909,-7.763728,40.50,-2.090,0.000002597309,4.10
25,07,21,21,41,16,78076.180,6,51.905140,-7.763541,59.25,-2.535,0.000001900261,4.10
25,07,21,21,46,17,78377.175,6,51.904544,-7.763387,50.50,-3.045,0.000001573099,4.10
25,07,21,21,51,18,78678.685,6,51.903921,-7.763213,53.25,9999.999,0.000001739532,4.10
25,07,21,21,56,18,78978.175,8,51.903437,-7.763042,52.50,-2.570,0.000001918513,4.10
25,07,21,22,01,19,79279.180,6,51.902869,-7.762798,43.25,-2.585,0.000001817468,4.10
25,07,21,22,06,20,79580.185,6,51.902080,-7.762720,45.75,-2.825,0.000001235292,4.10
25,07,21,22,11,20,79880.685,6,51.901618,-7.762557,51.25,-2.685,0.000001247028,4.10
25,07,21,22,16,21,80181.185,6,51.901171,-7.762481,54.00,-2.495,0.000001199586,4.10
25,07,21,22,21,22,80482.185,8,51.900663,-7.762444,48.25,-2.720,0.000000749727,4.10
25,07,21,22,26,22,80782.190,8,51.900078,-7.762363,49.75,-2.925,0.000002171006,4.10
25,07,21,22,31,23,81083.195,7,51.899484,-7.762400,47.50,-2.910,0.000001754876,4.10
25,07,21,22,36,24,81384.190,7,51.898786,-7.762537,43.75,-2.800,0.000002680899,4.10
25,07,21,22,41,25,81685.200,7,51.898036,-7.762697,46.50,-2.750,0.000001785260,4.10
25,07,21,22,46,26,81986.200,7,51.897260,-7.763099,48.75,-2.775,0.000002403352,4.10
25,07,21,22,51,27,82287.205,8,51.896645,-7.763261,52.00,-2.810,0.000001596760,4.10
25,07,21,22,56,28,82588.200,8,51.895984,-7.763407,52.25,-2.815,0.000002108810,4.10
25,07,21,23,01,29,82889.205,7,51.895154,-7.763714,44.25,-2.800,0.000001215087,4.10
25,07,21,23,06,30,83190.210,6,51.894387,-7.764171,35.50,-2.785,0.000000626283,4.10
25,07,21,23,11,31,83491.205,7,51.893707,-7.764382,42.25,-2.785,0.000000653742,4.10
25,07,21,23,16,31,83791.205,7,51.892840,-7.764838,47.75,-2.795,0.000001596242,4.10
25,07,21,23,21,32,84092.215,7,51.892018,-7.765473,32.75,-2.795,0.000000779958,4.10
25,07,21,23,26,33,84393.215,6,51.891217,-7.765993,36.25,-2.785,0.000000681788,4.10
25,07,21,23,31,33,84693.725,6,51.890299,-7.766585,45.00,-2.525,0.000001812026,4.10
25,07,21,23,36,34,84994.215,7,51.887832,-7.771604,49.50,-2.400,0.000003288407,4.10
25,07,21,23,41,35,85295.210,7,51.888533,-7.771852,45.75,-2.725,0.000000547760,4.10
25,07,21,23,46,36,85596.215,8,51.887592,-7.772394,35.50,-2.950,0.000001665968,4.10
25,07,21,23,51,37,85897.220,7,51.886707,-7.773043,40.75,-2.895,0.000002686846,4.10
25,07,21,23,56,38,86198.225,8,51.885819,-7.773673,40.25,-2.750,0.000002283128,4.10
26,07,21,00,01,39,99.230,8,51.885021,-7.774153,43.25,-2.700,0.000001606567,4.10
26,07,21,00,06,39,399.230,7,51.884144,-7.774858,39.50,-2.745,0.000002068303,4.10
26,07,21,00,11,40,700.225,6,51.883351,-7.775367,28.00,-2.795,0.000001186705,4.10
26,07,21,00,16,41,1001.225,8,51.882531,-7.776173,36.25,-2.800,0.000001702962,4.10
26,07,21,00,21,42,1302.230,7,51.881709,-7.776841,41.25,-2.775,0.000001913408,4.08
26,07,21,00,26,43,1603.235,7,51.880836,-7.777620,35.75,-2.755,0.000002218504,4.10
26,07,21,00,31,44,1904.235,7,51.880456,-7.778328,35.25,-2.755,0.000001916579,4.10
26,07,21,00,36,45,2205.245,8,51.879652,-7.778924,55.75,-2.760,0.000004902208,4.10
26,07,21,00,41,46,2506.240,7,51.878952,-7.779650,42.50,-2.760,0.000001766885,4.10
26,07,21,00,46,47,2807.240,7,51.878090,-7.780476,35.75,-2.760,0.000002674179,4.10
26,07,21,00,51,49,3109.250,6,51.877359,-7.781276,24.50,-2.755,0.000000922700,4.10
26,07,21,00,56,48,3408.245,7,51.876537,-7.782137,49.00,-2.750,0.000001569626,4.10
26,07,21,01,01,49,3709.240,9,51.875700,-7.783018,53.00,-2.755,0.000004911419,4.10
26,07,21,01,06,49,4009.745,8,51.875044,-7.783991,50.00,-2.510,0.000005689861,4.10
26,07,21,01,13,52,4432.030,6,51.874699,-7.784031,34.00,-1.990,0.000001760996,4.10
26,07,21,01,20,52,4852.020,8,51.873437,-7.785522,46.25,-1.715,0.000004538311,4.10
26,07,21,01,25,52,5152.255,8,51.872276,-7.786720,44.25,9999.999,0.000002742194,4.10
26,07,21,01,30,52,5452.755,7,51.871446,-7.787706,24.75,-2.495,0.000003772393,4.08
26,07,21,01,35,53,5753.255,8,51.870605,-7.788598,44.50,-2.885,0.000004896475,4.10
26,07,21,01,40,54,6054.255,8,51.869897,-7.789364,48.00,-2.940,0.000005044387,4.10
26,07,21,01,45,57,6357.310,7,51.869116,-7.790129,44.00,-2.745,0.000002463054,4.08
26,07,21,01,52,58,6778.035,8,51.868054,-7.791139,38.25,-2.230,0.000004986583,4.08
26,07,21,02,00,00,7200.030,6,51.867110,-7.792403,50.25,-1.710,0.000004400616,4.10
26,07,21,02,07,01,7621.030,6,51.866276,-7.793546,40.25,-1.710,0.000003905266,4.10
26,07,21,02,14,04,8044.020,5,51.865521,-7.794946,83.00,-1.975,0.000000859933,4.08
26,07,21,02,21,03,8463.025,6,51.864989,-7.795834,56.25,-2.110,0.000004503007,4.08
26,07,21,02,26,20,8780.360,6,51.864549,-7.796711,66.50,-2.375,0.000003179875,4.08
26,07,21,02,33,24,9204.005,5,51.863807,-7.797926,86.75,-2.450,0.000000685136,4.08
26,07,21,02,40,23,9623.040,6,51.863201,-7.799003,48.25,-2.015,0.000002291034,4.08
26,07,21,02,45,23,9923.265,6,51.863145,-7.800068,60.50,9999.999,0.000002233089,4.08
26,07,21,02,50,24,10224.265,6,51.862541,-7.801140,63.75,-2.735,0.000001167367,4.08
26,07,21,02,55,27,10527.275,5,51.862085,-7.802096,62.50,-3.090,0.000000336252,4.08
26,07,21,03,02,27,10947.050,6,51.861309,-7.803366,60.75,9999.999,0.000003219707,4.08
26,07,21,03,09,28,11368.030,6,51.860617,-7.804932,38.25,-1.960,0.000003499108,4.10
26,07,21,03,16,28,11788.050,7,51.859963,-7.806211,39.75,9999.999,0.000002960218,4.08
26,07,21,03,21,29,12089.280,6,51.859511,-7.806964,41.25,-2.335,0.000001572024,4.08
26,07,21,03,26,30,12390.285,6,51.859173,-7.807801,56.75,-2.905,0.000003029674,4.08
26,07,21,03,31,30,12690.785,7,51.858718,-7.808546,51.00,9999.999,0.000001420279,4.08
26,07,21,03,36,31,12991.285,6,51.858207,-7.809208,44.75,-2.465,0.000001523902,4.08
26,07,21,03,41,30,13290.785,6,51.857745,-7.810013,43.50,-2.245,0.000003794401,4.08
26,07,21,03,46,32,13592.295,6,51.857274,-7.810739,45.25,-2.350,0.000002180279,4.08
26,07,21,03,51,33,13893.290,6,51.856790,-7.811553,42.75,-2.760,0.000002461718,4.08
26,07,21,03,56,33,14193.800,7,51.859194,-7.808929,45.25,-2.660,0.000002055057,4.08
26,07,21,04,01,33,14493.300,7,51.862730,-7.807474,56.00,-2.400,0.000002875524,4.08
26,07,21,04,06,34,14794.300,7,51.862440,-7.807841,42.50,-2.570,0.000002945547,4.08
26,07,21,04,11,38,15098.310,5,51.862075,-7.808015,27.25,-2.780,0.000001247684,4.08
26,07,21,04,16,34,15394.800,7,51.861751,-7.808089,39.25,-2.550,0.000000902600,4.08
26,07,21,04,21,38,15698.310,5,51.861691,-7.808255,40.00,-2.330,0.000001058961,4.08
26,07,21,04,26,35,15995.810,6,51.861499,-7.808501,53.75,-2.330,0.000003550185,4.08
26,07,21,04,31,37,16297.320,6,51.861193,-7.808808,35.50,-2.435,0.000002353512,4.08
26,07,21,04,36,36,16596.815,8,51.872854,-7.788988,49.75,-2.485,0.000002913131,4.08
26,07,21,04,41,36,16896.755,6,51.890437,-7.791997,36.75,-2.240,0.000000983895,4.08
26,07,21,04,46,38,17198.340,6,51.904525,-7.790618,43.75,-2.330,0.000001113607,4.08
26,07,21,04,51,38,17498.830,7,51.918724,-7.784470,37.00,-2.460,0.000001594870,4.08
26,07,21,04,56,37,17797.840,7,51.925925,-7.778044,34.50,-2.230,0.000002052258,4.08
26,07,21,05,01,37,18097.840,6,51.929056,-7.728158,52.00,-2.045,0.000000786715,4.08
26,07,21,05,06,38,18398.855,6,51.932887,-7.675454,80.25,-2.060,0.000001056162,4.08
26,07,21,05,11,37,18697.820,8,51.925178,-7.682067,59.00,-2.170,0.000004788348,4.08
26,07,21,05,16,38,18998.830,7,51.920397,-7.702776,46.00,-2.230,0.000006427814,4.08
26,07,21,05,21,41,19301.360,5,51.897851,-7.726325,58.25,-2.435,0.000000559652,4.08
26,07,21,05,26,38,19598.845,8,51.890998,-7.755751,71.25,-2.500,0.000003721435,4.08
26,07,21,05,31,38,19898.830,6,51.912862,-7.749473,60.00,-2.195,0.000002218811,4.08
26,07,21,05,36,39,20199.325,7,51.932210,-7.723878,34.00,-2.270,0.000001985554,4.08
26,07,21,05,41,39,20499.850,7,51.947814,-7.678666,55.00,-2.450,0.000004860736,4.08
26,07,21,05,46,39,20799.840,7,51.963631,-7.642940,50.25,-2.245,0.000005019447,4.08
26,07,21,05,51,39,21099.855,7,51.973318,-7.606025,56.50,-2.050,0.000006659683,4.08
26,07,21,05,56,41,21401.350,6,51.973751,-7.605520,66.25,-2.300,0.000004157840,4.08
26,07,21,06,01,41,21701.350,7,51.974486,-7.604643,64.50,-2.775,0.000004388100,4.08
26,07,21,06,06,40,22000.825,7,51.972132,-7.597301,48.25,-2.650,0.000001615335,4.08
26,07,21,06,11,40,22300.850,9,51.987790,-7.565886,64.00,-2.100,0.000005329507,4.08
26,07,21,06,16,40,22600.850,8,52.012383,-7.545894,60.00,-1.875,0.000005127925,4.08
26,07,21,06,21,40,22900.845,8,52.021179,-7.530593,39.50,-2.040,0.000005036458,4.08
26,07,21,06,26,40,23200.860,7,52.034884,-7.500084,59.00,-2.230,0.000005344277,4.08
26,07,21,06,33,42,23622.100,5,52.045534,-7.491210,19.50,-2.115,0.000001606405,4.08
26,07,21,06,38,40,23920.355,6,52.045461,-7.491193,34.75,-2.215,0.000000533877,4.08
26,07,21,06,43,41,24221.365,6,52.045389,-7.491599,42.25,-2.690,0.000001684661,4.08
26,07,21,06,48,41,24521.360,7,52.045373,-7.492002,42.25,-2.875,0.000001818523,4.08
26,07,21,06,54,20,24860.585,6,52.045325,-7.492625,46.50,-2.620,0.000002517031,4.08
26,07,21,06,59,21,25161.370,6,52.051894,-7.484942,38.75,-2.395,0.000002049456,4.08
26,07,21,07,04,21,25461.365,6,52.060148,-7.475389,37.50,-2.520,0.000001287200,4.08
26,07,21,07,09,21,25761.870,7,52.060018,-7.475522,41.25,-2.445,0.000001262877,4.08
26,07,21,07,14,22,26062.375,6,52.059981,-7.475613,41.50,-2.340,0.000000360754,4.08
26,07,21,07,19,22,26362.370,8,52.059951,-7.475790,44.75,-2.575,0.000002508885,4.08
26,07,21,07,24,24,26664.375,6,52.059939,-7.475759,46.25,-2.745,0.000000990899,4.08
26,07,21,07,31,25,27085.645,7,52.060830,-7.476483,46.50,-2.575,0.000001920267,4.08
26,07,21,07,36,25,27385.375,7,52.060705,-7.487788,41.50,-2.405,0.000002574530,4.08
26,07,21,07,41,25,27685.885,8,52.072298,-7.492649,51.25,-2.285,0.000003075186,4.08
26,07,21,07,46,29,27989.395,5,52.072617,-7.491505,35.75,-2.300,0.000000868662,4.08
26,07,21,07,51,37,28297.990,7,52.073949,-7.487968,56.75,-2.315,0.000002186367,4.08
26,07,21,07,56,52,28612.495,5,52.074004,-7.487893,23.75,-2.265,0.000000096332,4.08
26,07,21,08,01,51,28911.375,6,52.074314,-7.489337,42.00,-2.540,0.000003291607,4.08
26,07,21,08,06,51,29211.410,6,52.074164,-7.489204,53.75,-2.745,0.000000757066,4.08
26,07,21,08,11,51,29511.395,7,52.074210,-7.489411,71.50,-2.700,0.000001738099,4.08
26,07,21,08,16,56,29816.460,6,52.074110,-7.490522,40.75,-2.550,0.000000431725,4.08
26,07,21,08,21,57,30117.430,6,52.073983,-7.490637,46.00,-2.480,0.000002086245,4.08
26,07,21,08,26,58,30418.400,6,52.073846,-7.490859,56.25,-2.550,0.000001425979,4.08
26,07,21,08,31,57,30717.920,7,52.073631,-7.490910,85.50,-2.375,0.000005689274,4.08
26,07,21,08,36,58,31018.405,7,52.073515,-7.491106,61.25,-2.250,0.000003033235,4.08
26,07,21,08,42,00,31320.400,6,52.073444,-7.491299,45.00,-2.535,0.000000885625,4.08
26,07,21,08,47,00,31620.905,7,52.073304,-7.491471,54.00,-2.490,0.000002502340,4.08
26,07,21,08,52,00,31920.400,7,52.073367,-7.491713,42.25,-2.325,0.000002114054,4.08
26,07,21,08,57,00,32220.905,7,52.073298,-7.491975,43.50,-2.265,0.000002245107,4.08
26,07,21,09,02,01,32521.415,8,52.073458,-7.492187,45.50,-2.310,0.000002306005,4.08
26,07,21,09,07,02,32822.410,6,52.073392,-7.492622,46.75,-2.610,0.000000648340,4.08
26,07,21,09,12,02,33122.410,8,52.073441,-7.492778,35.00,-2.740,0.000003876243,4.08
26,07,21,09,17,03,33423.410,7,52.073591,-7.492774,35.25,-2.655,0.000004176613,4.08
26,07,21,09,22,05,33725.415,7,52.073961,-7.492595,41.25,-2.545,0.000003473498,4.08
26,07,21,09,27,04,34024.915,7,52.074361,-7.492614,39.75,-2.280,0.000003749790,4.08
26,07,21,09,32,04,34324.930,7,52.074483,-7.492521,36.50,-1.945,0.000002130144,4.08
26,07,21,09,37,04,34624.915,8,52.074197,-7.496643,34.00,-1.910,0.000004058582,4.08
26,07,21,09,42,04,34924.910,8,52.064482,-7.504517,51.25,-2.070,0.000006304372,4.08
26,07,21,09,47,05,35225.420,7,52.037495,-7.523801,43.25,-2.415,0.000008689940,4.08
26,07,21,09,52,05,35525.925,7,52.015530,-7.555337,53.25,-2.500,0.000002280170,4.08
26,07,21,09,57,06,35826.420,10,51.986620,-7.573444,60.75,-2.370,0.000005737079,4.08
26,07,21,10,02,08,36128.470,7,51.963623,-7.575352,50.25,-2.490,0.000006638656,4.08
26,07,21,10,07,08,36428.910,7,51.963208,-7.575447,36.50,-2.370,0.000004458464,4.08
26,07,21,10,12,08,36728.940,7,51.961218,-7.582901,47.75,-2.015,0.000004043974,4.08
26,07,21,10,17,08,37028.935,8,51.943167,-7.607569,32.50,-1.885,0.000005602959,4.08
26,07,21,10,22,08,37328.935,9,51.928279,-7.645471,45.50,-2.000,0.000006455916,4.08
26,07,21,10,27,08,37628.950,9,51.916171,-7.688215,30.00,-2.115,0.000006068414,4.08
26,07,21,10,32,08,37928.925,7,51.902375,-7.732034,55.50,-2.120,0.000004903242,4.08
26,07,21,10,37,08,38228.940,8,51.889277,-7.776372,20.50,-2.070,0.000003503521,4.08
26,07,21,10,42,08,38528.940,9,51.869546,-7.815875,48.00,-2.035,0.000003672115,4.08
26,07,21,10,47,08,38828.935,10,51.848780,-7.852744,46.75,-2.045,0.000007415090,4.08
26,07,21,10,52,08,39128.945,7,51.839779,-7.898776,33.50,-2.065,0.000003948812,4.08
26,07,21,10,57,08,39428.955,7,51.827436,-7.943538,39.25,-2.060,0.000002819514,4.08
26,07,21,11,02,08,39728.950,7,51.801673,-7.975390,23.75,-2.045,0.000004561918,4.08
26,07,21,11,07,08,40028.955,8,51.774088,-8.001195,43.50,-2.040,0.000003371305,4.08
26,07,21,11,12,51,40371.220,7,51.772543,-8.005493,37.25,-1.910,0.000002615835,4.08
26,07,21,11,20,03,40803.090,0,0.000000,0.000000,0.00,9999.999,9999.999000000000,4.08
26,07,21,11,24,50,41090.970,7,51.766887,-8.002688,40.00,-1.840,0.000003283700,4.08
26,07,21,11,29,50,41390.970,6,51.777223,-8.006495,17.50,-1.995,0.000002473881,4.08
26,07,21,11,37,04,41824.005,0,0.000000,0.000000,0.00,9999.999,9999.999000000000,4.06
26,07,21,11,43,20,42200.045,6,51.771954,-8.012848,43.00,-2.070,0.000002284128,4.06
26,07,21,11,48,19,42499.960,7,51.771338,-8.014852,38.25,-2.035,0.000004266191,4.08
26,07,21,11,54,48,42888.505,6,51.770806,-8.017437,14.00,-2.250,0.000001171445,4.08
26,07,21,12,00,09,43209.080,8,51.771105,-8.019063,30.00,-2.315,0.000003610212,4.08
26,07,21,12,07,09,43629.735,7,51.775905,-8.019608,50.00,-2.125,0.000002409946,4.08
26,07,21,12,12,09,43929.965,8,51.770025,-8.019238,37.25,-2.055,0.000002430228,4.06
26,07,21,12,17,10,44230.475,8,51.768229,-8.030202,38.50,-2.245,0.000004291778,4.08
26,07,21,12,22,11,44531.485,8,51.767618,-8.031396,47.75,-2.615,0.000003005531,4.08
26,07,21,12,27,12,44832.485,8,51.767105,-8.032813,55.25,-2.700,0.000003820571,4.08
26,07,21,12,32,13,45133.980,8,51.766684,-8.034238,49.75,-2.310,0.000002737517,4.08
26,07,21,12,37,12,45432.980,6,51.766231,-8.035717,41.00,-1.825,0.000002725996,4.08
26,07,21,12,42,12,45732.985,8,51.765747,-8.037333,46.25,-1.775,0.000001590432,4.08
26,07,21,12,47,13,46033.485,7,51.765457,-8.039092,54.00,-2.240,0.000002452906,4.08
26,07,21,12,52,12,46332.990,7,51.765354,-8.040974,43.50,-2.495,0.000002001719,4.08
26,07,21,12,57,12,46632.985,7,51.769377,-8.036800,44.25,-2.140,0.000003292929,4.08
26,07,21,13,04,13,47053.760,7,51.770103,-8.039094,46.50,-1.950,0.000002706584,4.06
26,07,21,13,10,09,47409.350,7,51.770427,-8.022175,45.75,-1.850,0.000003531858,4.06
26,07,21,13,15,10,47710.500,6,51.769956,-8.023212,55.75,-2.025,0.000001890378,4.08
26,07,21,13,20,12,48012.505,6,51.769398,-8.024214,54.25,-2.585,0.000000651613,4.08
26,07,21,13,25,12,48312.005,7,51.769266,-8.025630,46.00,9999.999,0.000003134345,4.08
26,07,21,13,31,11,48671.415,6,51.768480,-8.026249,-0.75,-1.790,0.000001320541,4.08
26,07,21,13,36,48,49008.730,7,51.768499,-8.027396,44.25,9999.999,0.000003054183,4.08
26,07,21,13,41,48,49308.520,6,51.772036,-8.030258,19.25,-2.375,0.000002015727,4.06
26,07,21,13,46,50,49610.025,6,51.772685,-8.032027,20.25,9999.999,0.000003235564,4.06
26,07,21,13,51,49,49909.005,7,51.772719,-8.033268,51.50,-1.985,0.000004242513,4.08
26,07,21,13,56,50,50210.095,6,51.772149,-8.031543,20.50,-1.755,0.000000291471,4.08
26,07,21,14,03,04,50584.485,9,51.769685,-8.027991,50.00,-1.595,0.000005954600,4.06
26,07,21,14,10,05,51005.785,7,51.767695,-8.025366,49.75,-1.785,0.000005273985,4.06
26,07,21,14,17,07,51427.305,7,51.765118,-8.023583,30.75,-2.050,0.000005550828,4.06
26,07,21,14,23,11,51791.950,7,51.765026,-8.030932,38.75,-2.005,0.000002184392,4.06
26,07,21,14,30,16,52216.265,5,51.765386,-8.032540,92.50,-1.870,0.000000514822,4.08
26,07,21,14,37,13,52633.780,6,51.765302,-8.032906,47.00,-1.910,0.000003098360,4.08
26,07,21,14,42,14,52934.010,8,51.765106,-8.033444,46.00,-2.125,0.000006513421,4.06
26,07,21,14,47,14,53234.015,7,51.765394,-8.033627,57.00,-2.095,0.000006503499,4.08
26,07,21,14,52,14,53534.015,9,51.772009,-8.045708,54.50,-1.970,0.000005171037,4.06
26,07,21,14,59,15,53955.270,7,51.772768,-8.044174,36.50,-1.795,0.000001275942,4.06
26,07,21,15,06,15,54375.745,8,51.773064,-8.044368,37.50,-1.905,0.000004560478,4.06
26,07,21,15,13,18,54798.255,6,51.773223,-8.044979,88.00,-2.055,0.000002194906,4.06
26,07,21,15,19,03,55143.355,9,51.771376,-8.040302,59.00,-1.770,0.000006270987,4.06
26,07,21,15,24,49,55489.360,7,51.774875,-8.038473,80.50,-1.500,0.000005168877,4.06
26,07,21,15,29,49,55789.540,7,51.775123,-8.038408,81.00,9999.999,0.000003794396,4.06
26,07,21,15,34,50,56090.030,8,51.775643,-8.038213,44.50,-2.215,0.000003121949,4.06
26,07,21,15,39,50,56390.045,7,51.777976,-8.041406,90.75,-2.320,0.000004427847,4.06
26,07,21,15,44,51,56691.540,6,51.778294,-8.040884,66.00,-2.260,0.000003017178,4.06
26,07,21,15,49,51,56991.050,7,51.778798,-8.040502,57.75,-2.175,0.000005703104,4.06
26,07,21,15,54,52,57292.545,6,51.778845,-8.040073,55.50,-2.160,0.000002659818,4.06
26,07,21,15,59,51,57591.550,7,51.779016,-8.039426,89.50,-2.445,0.000005374244,4.06
26,07,21,16,04,52,57892.035,6,51.774182,-8.048721,74.50,-2.350,0.000001315694,4.06
26,07,21,16,09,52,58192.050,8,51.786004,-8.027462,71.75,-1.910,0.000004646589,4.06
26,07,21,16,14,52,58492.550,7,51.776750,-8.013407,56.75,-1.980,0.000003887570,4.06
26,07,21,16,19,53,58793.550,6,51.776696,-8.013180,64.50,-2.485,0.000004234880,4.06
26,07,21,16,24,54,59094.565,7,51.776619,-8.012998,43.50,-2.695,0.000003849884,4.08
26,07,21,16,29,55,59395.565,6,51.776859,-8.012510,36.75,-2.540,0.000001581786,4.06
26,07,21,16,36,56,59816.830,6,51.780677,-7.999182,45.00,-2.225,0.000003923939,4.06
26,07,21,16,42,38,60158.825,6,51.783050,-7.996877,35.50,-2.015,0.000001940366,4.06
26,07,21,16,49,18,60558.165,5,51.778151,-7.996023,52.50,-1.900,0.000000841835,4.06
26,07,21,16,56,17,60977.840,6,51.777885,-7.994904,26.00,-1.940,0.000003011843,4.06
26,07,21,17,03,23,61403.360,5,51.778528,-7.995248,67.00,-1.920,0.000000197141,4.06
26,07,21,17,08,19,61699.080,7,51.778311,-7.994572,52.50,-1.770,0.000001138440,4.06
26,07,21,17,13,20,62000.590,5,51.778841,-7.990965,37.25,-2.090,0.000000146721,4.06
26,07,21,17,18,20,62300.570,7,51.783114,-7.995669,51.75,-2.580,0.000003826190,4.06
26,07,21,17,23,21,62601.070,7,51.786927,-8.006969,86.25,-2.425,0.000004297387,4.06
26,07,21,17,28,45,62925.765,6,51.786695,-8.004771,52.50,-2.005,0.000000560653,4.06
26,07,21,17,34,22,63262.335,7,51.786570,-8.003518,70.00,-1.740,0.000002129570,4.06
26,07,21,17,41,23,63683.320,6,51.786517,-8.002053,48.00,-1.540,0.000000804951,4.06
26,07,21,17,46,29,63989.160,6,51.787922,-7.996915,52.00,-1.660,0.000000635482,4.06
26,07,21,17,53,31,64411.370,5,51.788302,-7.994551,63.50,-1.795,0.000000424530,4.06
26,07,21,18,00,32,64832.375,5,51.788241,-7.992606,42.00,-1.695,0.000000159454,4.06
26,07,21,18,05,31,65131.095,9,51.790285,-7.997465,70.25,-1.715,0.000002293371,4.06
26,07,21,18,12,33,65553.325,5,51.785598,-7.997317,67.25,-1.800,0.000000120103,4.06
26,07,21,18,19,32,65972.830,7,51.785192,-7.995850,54.25,-1.965,0.000005406211,4.06
26,07,21,18,26,35,66395.365,5,51.785080,-7.994709,158.00,-1.985,0.000000351037,4.06
26,07,21,18,33,30,66810.755,6,51.785269,-7.993097,78.25,-1.950,0.000001067706,4.06
26,07,21,18,39,12,67152.360,8,51.784551,-7.986323,68.00,-1.925,0.000004060047,4.06
26,07,21,18,44,35,67475.255,7,51.784978,-7.981928,77.50,-1.680,0.000001680092,4.06
26,07,21,18,51,35,67895.900,8,51.784693,-7.964981,73.00,-1.800,0.000002498773,4.04
26,07,21,18,57,03,68223.270,8,51.786084,-7.978837,66.75,-1.975,0.000003930198,4.06
26,07,21,19,02,03,68523.105,7,51.786123,-7.977172,74.75,-1.900,0.000004663895,4.06
26,07,21,19,07,03,68823.110,7,51.785972,-7.976446,68.00,-1.855,0.000001529476,4.06
26,07,21,19,12,03,69123.115,6,51.792633,-7.986894,66.25,-1.865,0.000003101844,4.06
26,07,21,19,17,03,69423.105,9,51.790968,-8.029034,65.00,-1.895,0.000002509909,4.04
26,07,21,19,22,03,69723.115,6,51.777229,-8.045072,58.75,-1.905,0.000005256913,4.06
26,07,21,19,27,03,70023.105,7,51.768840,-8.085551,86.00,-1.895,0.000003987281,4.06
26,07,21,19,32,18,70338.205,7,51.769243,-8.098458,92.50,-1.840,0.000004885109,4.06
26,07,21,19,37,18,70638.120,6,51.768154,-8.116708,59.50,-1.810,0.000000851963,4.04
26,07,21,19,44,18,71058.910,7,51.764520,-8.112717,75.75,-1.970,0.000003289280,4.04
26,07,21,19,49,19,71359.110,7,51.758898,-8.113454,73.25,-2.070,0.000004566963,4.06
26,07,21,19,54,19,71659.130,8,51.761695,-8.076823,65.50,-1.930,0.000003335681,4.04
26,07,21,20,01,03,72063.810,8,51.765161,-8.058021,65.75,-1.960,0.000004432228,4.04
26,07,21,20,06,04,72364.130,9,51.778849,-8.028293,67.25,-2.045,0.000006065473,4.06
26,07,21,20,11,04,72664.075,6,51.769120,-7.994705,88.25,-1.940,0.000003073775,4.04
26,07,21,20,16,04,72964.140,7,51.785455,-7.986549,79.00,-1.840,0.000008491367,4.04
26,07,21,20,21,05,73265.630,6,51.781717,-7.970591,66.00,-2.065,0.000003404158,4.04
26,07,21,20,26,05,73565.135,7,51.765097,-7.954924,48.00,-2.230,0.000002644340,4.04
26,07,21,20,31,06,73866.640,6,51.764986,-7.954626,71.75,-2.195,0.000002978187,4.06
26,07,21,20,36,06,74166.635,8,51.764597,-7.954735,46.50,-2.345,0.000001699818,4.04
26,07,21,20,41,08,74468.635,6,51.764409,-7.955118,32.25,-2.440,0.000001407165,4.04
26,07,21,20,46,08,74768.650,7,51.764005,-7.955323,50.75,-2.405,0.000001035556,4.06
26,07,21,20,51,08,75068.655,7,51.763646,-7.955277,38.75,-2.330,0.000001786979,4.06
26,07,21,20,56,09,75369.640,8,51.763387,-7.955837,34.25,-2.315,0.000002396760,4.06
26,07,21,21,01,10,75670.645,8,51.762681,-7.956345,57.25,-2.350,0.000002941680,4.04
26,07,21,21,06,11,75971.660,7,51.762259,-7.956771,53.25,-2.365,0.000001378135,4.06
26,07,21,21,11,12,76272.665,7,51.761751,-7.957125,24.75,-2.345,0.000002296426,4.06
26,07,21,21,16,14,76574.165,6,51.761311,-7.957746,58.25,-2.075,0.000000976996,4.06
26,07,21,21,21,13,76873.155,7,51.760861,-7.958350,49.00,-1.705,0.000004413600,4.04
26,07,21,21,26,13,77173.165,6,51.760301,-7.958793,57.75,-1.655,0.000000479674,4.06
26,07,21,21,31,13,77473.665,8,51.759602,-7.959562,56.50,-2.060,0.000004361600,4.06
26,07,21,21,36,14,77774.670,7,51.758895,-7.960210,40.25,-2.535,0.000001778830,4.06
26,07,21,21,41,15,78075.165,6,51.758226,-7.961106,39.75,-2.320,0.000001074422,4.06
26,07,21,21,46,15,78375.170,6,51.757548,-7.961851,62.25,-1.725,0.000002144661,4.06
26,07,21,21,51,15,78675.175,6,51.756926,-7.962749,55.75,-1.530,0.000000902588,4.04
26,07,21,21,56,15,78975.180,6,51.756220,-7.963780,59.75,-1.725,0.000001682703,4.04
26,07,21,22,01,15,79275.175,6,51.755630,-7.964686,54.25,-1.920,0.000000758138,4.04
26,07,21,22,06,15,79575.680,8,51.754782,-7.965418,52.50,-2.170,0.000002002633,4.06
26,07,21,22,11,16,79876.180,6,51.753815,-7.966356,49.25,-2.195,0.000001064563,4.04
26,07,21,22,16,16,80176.685,8,51.752685,-7.967576,56.50,-2.080,0.000001751661,4.04
26,07,21,22,21,17,80477.180,6,51.751636,-7.968847,42.75,-2.010,0.000001613280,4.04
26,07,21,22,26,17,80777.190,7,51.750660,-7.969902,40.00,-1.780,0.000003406103,4.06
26,07,21,22,31,17,81077.690,8,51.749647,-7.971160,51.25,-1.945,0.000002053596,4.04
26,07,21,22,36,18,81378.685,7,51.748579,-7.972443,53.50,-2.395,0.000001287818,4.04
26,07,21,22,41,18,81678.195,7,51.747369,-7.973926,45.75,-2.285,0.000002826287,4.04
26,07,21,22,46,18,81978.195,7,51.746237,-7.975307,13.00,-1.750,0.000004135523,4.04
26,07,21,22,51,18,82278.700,6,51.744874,-7.977164,34.25,9999.999,0.000001552360,4.06
26,07,21,22,56,19,82579.190,6,51.743607,-7.979188,54.00,-2.055,0.000003674975,4.04
26,07,21,23,01,19,82879.205,6,51.742254,-7.980911,42.50,-1.955,0.000000575180,4.04
26,07,21,23,06,19,83179.695,7,51.741005,-7.982746,41.75,-2.000,0.000000879793,4.04
26,07,21,23,11,20,83480.700,7,51.739568,-7.984712,53.50,-2.325,0.000001456609,4.04
26,07,21,23,18,21,83901.985,6,51.737672,-7.987424,43.00,-2.320,0.000000549715,4.04
26,07,21,23,23,22,84202.710,6,51.736264,-7.990995,50.25,-2.150,0.000002910825,4.04
26,07,21,23,28,23,84503.710,7,51.734818,-7.993270,59.50,-2.205,0.000002440078,4.04
26,07,21,23,33,23,84803.195,7,51.733569,-7.995506,51.50,-2.075,0.000003465107,4.04
26,07,21,23,38,23,85103.215,6,51.732115,-7.997739,-1.75,-1.730,0.000001027551,4.04
26,07,21,23,45,24,85524.000,7,51.730450,-8.000753,43.75,-1.720,0.000004636148,4.04
26,07,21,23,52,24,85944.980,7,51.728816,-8.004048,53.00,-2.005,0.000003774664,4.04
26,07,21,23,59,25,86365.995,7,51.726973,-8.007351,46.00,-2.155,0.000002171572,4.04
27,07,21,00,04,26,266.715,7,51.725556,-8.009912,47.25,-2.220,0.000002472080,4.04
27,07,21,00,09,27,567.230,6,51.724297,-8.012146,38.50,-2.060,0.000004396967,4.04
27,07,21,00,14,28,868.730,5,51.722896,-8.014942,46.50,-1.940,0.000001277229,4.04
27,07,21,00,19,28,1168.230,7,51.721585,-8.017296,43.50,-1.960,0.000001788723,4.04
27,07,21,00,24,29,1469.220,6,51.720222,-8.019797,28.50,-1.785,0.000001836975,4.04
27,07,21,00,29,29,1769.225,7,51.718895,-8.022370,38.25,-1.690,0.000001543037,4.04
27,07,21,00,34,28,2068.730,6,51.717500,-8.024725,42.00,-1.975,0.000001183127,4.04
27,07,21,00,39,30,2370.235,6,51.715364,-8.029098,38.75,-2.160,0.000001309224,4.04
27,07,21,00,44,30,2670.230,6,51.713973,-8.031495,58.50,-1.860,0.000002070171,4.04
27,07,21,00,49,29,2969.730,8,51.712682,-8.033470,46.00,-1.870,0.000005084140,4.04
27,07,21,00,54,30,3270.740,9,51.711278,-8.035781,56.25,-2.270,0.000003875514,4.04
27,07,21,00,59,31,3571.740,7,51.709945,-8.037955,38.50,-2.460,0.000003743593,4.04
27,07,21,01,04,32,3872.740,7,51.708659,-8.040144,38.00,-2.355,0.000004221727,4.04
27,07,21,01,09,33,4173.745,9,51.707208,-8.042272,51.00,-2.205,0.000005158003,4.04
27,07,21,01,14,34,4474.745,7,51.705206,-8.046316,62.75,-2.180,0.000002821723,4.04
27,07,21,01,19,35,4775.750,8,51.703881,-8.048365,43.00,-2.240,0.000004057422,4.04
27,07,21,01,24,35,5075.750,7,51.702597,-8.050444,44.50,-2.280,0.000004420928,4.04
27,07,21,01,29,36,5376.750,7,51.701370,-8.052643,41.25,-2.270,0.000002450826,4.04
27,07,21,01,34,37,5677.250,7,51.699933,-8.054889,52.75,-1.995,0.000006938851,4.04
27,07,21,01,39,37,5977.755,8,51.698550,-8.056942,46.25,-1.860,0.000003846147,4.04
27,07,21,01,44,38,6278.750,7,51.697245,-8.059105,40.25,-2.180,0.000001519934,4.04
27,07,21,01,49,39,6579.750,7,51.696798,-8.060918,63.50,-2.410,0.000003177716,4.04
27,07,21,01,54,40,6880.760,7,51.695543,-8.062889,44.75,-2.360,0.000004768013,4.04
27,07,21,01,59,41,7181.760,8,51.695159,-8.064317,40.75,-2.215,0.000002951978,4.04
27,07,21,02,04,45,7485.745,5,51.694804,-8.065292,95.75,-2.175,0.000000710144,4.04
27,07,21,02,09,44,7784.755,6,51.693990,-8.066235,59.25,-2.230,0.000002245625,4.04
27,07,21,02,14,47,8087.740,5,51.693119,-8.067664,96.50,-2.280,0.000000629794,4.04
27,07,21,02,19,47,8387.740,5,51.692216,-8.068847,96.00,-2.285,0.000000395079,4.04
27,07,21,02,24,48,8688.745,5,51.691480,-8.069524,87.75,-2.260,0.000000215924,4.04
27,07,21,02,29,47,8987.760,6,51.690681,-8.070257,62.75,-2.235,0.000002140348,4.04
27,07,21,02,34,48,9288.755,6,51.689995,-8.071251,69.50,-2.230,0.000001216340,4.04
27,07,21,02,39,51,9591.760,5,51.689064,-8.072415,60.50,-2.240,0.000000452380,4.04
27,07,21,02,44,50,9890.780,6,51.688167,-8.073262,63.25,-2.235,0.000002661020,4.04
27,07,21,02,49,53,10193.765,5,51.687735,-8.074235,67.50,-2.225,0.000000272131,4.04
27,07,21,02,54,54,10494.745,5,51.687030,-8.075159,27.00,-2.240,0.000000154649,4.04
27,07,21,02,59,53,10793.760,6,51.686419,-8.075872,45.50,-2.255,0.000000139580,4.04
27,07,21,03,04,54,11094.775,6,51.685771,-8.076733,63.25,-2.240,0.000003291967,4.04
27,07,21,03,09,57,11397.760,5,51.685125,-8.077385,37.25,-2.225,0.000000381594,4.04
27,07,21,03,14,56,11696.275,6,51.684496,-8.077941,42.75,-1.975,0.000001730177,4.04
27,07,21,03,19,56,11996.275,8,51.683945,-8.078771,49.00,-1.600,0.000003115120,4.04
27,07,21,03,24,58,12298.770,6,51.683451,-8.079545,36.25,-1.790,0.000001131667,4.04
27,07,21,03,29,57,12597.770,5,51.683071,-8.080482,34.75,-2.325,0.000001025034,4.04
27,07,21,03,34,58,12898.775,6,51.682659,-8.081230,48.00,-2.495,0.000001355622,4.04
27,07,21,03,39,59,13199.285,7,51.682163,-8.082347,54.25,-2.055,0.000001948978,4.04
27,07,21,03,47,02,13622.535,5,51.681840,-8.083477,46.50,-1.370,0.000000177966,4.02
27,07,21,03,54,01,14041.550,6,51.681125,-8.084967,54.25,-1.115,0.000002706958,4.04
27,07,21,04,01,02,14462.555,5,51.680435,-8.086938,33.75,-1.320,0.000000575670,4.04
27,07,21,04,08,04,14884.060,6,51.679914,-8.088795,46.00,-1.795,0.000001535159,4.04
27,07,21,04,13,03,15183.795,6,51.679407,-8.090426,47.00,-2.310,0.000002642105,4.02
27,07,21,04,18,04,15484.300,6,51.678798,-8.091713,44.00,9999.999,0.000002045690,4.04
27,07,21,04,23,04,15784.800,6,51.678308,-8.092788,54.75,-1.950,0.000002825561,4.02
27,07,21,04,28,05,16085.810,5,51.684526,-8.100031,46.25,-2.015,0.000000473932,4.02
27,07,21,04,33,04,16384.305,6,51.687164,-8.119409,34.75,-1.975,0.000004219817,4.02
27,07,21,04,38,04,16684.295,6,51.698304,-8.121727,58.25,-1.680,0.000001114216,4.02
27,07,21,04,43,07,16987.810,5,51.708688,-8.123919,70.50,-1.800,0.000000684501,4.04
27,07,21,04,50,07,17407.610,7,51.708146,-8.140244,46.25,-1.850,0.000003817324,4.02
27,07,21,04,57,10,17830.610,6,51.707928,-8.141538,43.50,-1.415,0.000003181674,4.02
27,07,21,05,04,11,18251.635,6,51.707975,-8.142564,53.50,-1.160,0.000002832047,4.02
27,07,21,05,09,17,18557.030,5,51.707772,-8.143434,70.00,-1.540,0.000000127901,4.04
27,07,21,05,14,11,18851.840,5,51.707449,-8.144165,65.25,-2.255,0.000000171162,4.04
27,07,21,05,19,16,19156.525,6,51.708641,-8.144879,126.00,9999.999,0.000003307983,4.02
27,07,21,05,26,13,19573.635,5,51.706753,-8.146547,57.00,-1.420,0.000003084902,4.02
27,07,21,05,31,11,19871.320,7,51.703317,-8.153498,49.50,-1.105,0.000003127770,4.02
27,07,21,05,36,10,20170.825,6,51.701324,-8.183231,54.75,-1.770,0.000000467799,4.02
27,07,21,05,41,11,20471.330,7,51.715073,-8.185150,57.50,9999.999,0.000004869123,4.04
27,07,21,05,46,10,20770.830,7,51.710341,-8.195627,61.75,-1.920,0.000004336409,4.02
27,07,21,05,51,11,21071.330,6,51.710806,-8.187350,59.25,-1.995,0.000002903253,4.02
27,07,21,05,56,11,21371.325,8,51.721740,-8.174372,17.25,-1.710,0.000003231702,4.02
27,07,21,06,02,59,21779.050,7,51.728646,-8.174560,66.25,-1.670,0.000006370892,4.02
27,07,21,06,10,02,22202.650,5,51.728965,-8.173580,76.75,-1.630,0.000001574658,4.02
27,07,21,06,15,04,22504.910,6,51.729254,-8.172495,65.00,-1.700,0.000004153786,4.02
27,07,21,06,20,54,22854.190,6,51.729482,-8.172932,58.50,-1.985,0.000002436445,4.02
27,07,21,06,27,57,23277.625,5,51.729496,-8.172833,29.25,-1.735,0.000000255219,4.02
27,07,21,06,35,07,23707.265,0,0.000000,0.000000,0.00,9999.999,9999.999000000000,4.02
27,07,21,06,39,56,23996.845,6,51.723800,-8.173794,47.50,9999.999,0.000003327806,4.02
27,07,21,06,44,59,24299.375,11,51.717080,-8.185909,63.00,-1.890,0.000005440090,4.02
27,07,21,06,50,19,24619.480,8,51.728782,-8.176747,49.50,-1.650,0.000004094368,4.02
27,07,21,06,57,21,25041.680,7,51.728265,-8.178559,49.00,-1.300,0.000001176084,4.02
27,07,21,07,02,20,25340.360,9,51.728899,-8.178463,58.25,-1.305,0.000005507407,4.02
27,07,21,07,09,21,25761.665,7,51.726825,-8.161205,64.75,-1.490,0.000001601811,4.02
27,07,21,07,14,22,26062.390,8,51.719041,-8.184097,63.50,-1.565,0.000004912681,4.02
27,07,21,07,19,21,26361.865,7,51.732622,-8.149986,44.50,-1.910,0.000002961948,4.02
27,07,21,07,24,23,26663.870,7,51.736997,-8.155691,35.25,-2.305,0.000002493845,4.02
27,07,21,07,31,24,27084.165,7,51.754455,-8.105944,50.75,-2.180,0.000002244807,4.02
27,07,21,07,36,52,27412.580,7,51.761731,-8.090566,50.50,-1.565,0.000004689231,4.02
27,07,21,07,43,53,27833.185,7,51.773763,-8.061935,66.25,9999.999,0.000004763571,4.02
27,07,21,07,50,54,28254.195,9,51.776464,-8.066232,59.25,-1.810,0.000003934329,4.02
27,07,21,07,57,56,28676.680,6,51.779765,-8.060212,38.25,-1.685,0.000002938744,4.02
27,07,21,08,04,56,29096.675,7,51.780610,-8.074061,31.50,-1.260,0.000003142388,4.02
27,07,21,08,10,50,29450.180,5,51.769614,-8.080584,38.00,-1.360,0.000002156418,4.02
27,07,21,08,15,48,29748.880,6,51.769717,-8.079905,41.75,-2.020,0.000000739658,4.02
27,07,21,08,20,48,30048.390,8,51.770994,-8.085266,58.75,9999.999,0.000002784899,4.02
27,07,21,08,25,48,30348.380,8,51.740788,-8.109493,34.00,-1.615,0.000002875951,4.02
27,07,21,08,32,50,30770.675,6,51.721065,-8.148745,58.25,-1.270,0.000000558292,4.02
27,07,21,08,39,50,31190.220,8,51.732682,-8.159401,67.50,-1.380,0.000004014997,4.02
27,07,21,08,46,51,31611.220,7,51.747166,-8.149879,77.50,-1.835,0.000005505421,4.02
27,07,21,08,54,04,32044.165,0,0.000000,0.000000,0.00,9999.999,9999.999000000000,4.02
27,07,21,08,58,52,32332.895,7,51.743213,-8.163504,41.75,-2.170,0.000003265643,4.02
27,07,21,09,03,52,32632.410,7,51.734419,-8.165676,47.50,-2.015,0.000003250503,4.02
27,07,21,09,08,53,32933.405,7,51.739840,-8.172085,52.00,-1.515,0.000001043810,4.02
27,07,21,09,15,53,33353.205,7,51.726192,-8.153493,49.25,-1.445,0.000001126913,4.00
27,07,21,09,21,10,33670.515,9,51.727790,-8.148639,46.50,-1.605,0.000004343623,4.02
27,07,21,09,28,11,34091.205,7,51.727197,-8.135530,34.25,-1.720,0.000002859833,4.02
27,07,21,09,35,12,34512.720,7,51.710814,-8.166653,74.75,-1.595,0.000006850501,4.02
27,07,21,09,41,38,34898.925,7,51.704002,-8.209517,60.00,-1.615,0.000003515962,4.02
27,07,21,09,46,38,35198.415,8,51.710706,-8.231881,52.75,-1.840,0.000006389900,4.02
27,07,21,09,53,21,35601.550,6,51.722433,-8.220463,22.25,-1.630,0.000000965067,4.02
27,07,21,10,00,21,36021.720,8,51.723880,-8.218838,54.25,-1.260,0.000006047857,4.02
27,07,21,10,07,22,36442.220,7,51.717559,-8.213540,37.00,-1.345,0.000003754305,4.02
27,07,21,10,14,24,36864.695,6,51.717092,-8.213761,43.00,-1.585,0.000005033608,4.02
27,07,21,10,19,23,37163.425,7,51.715994,-8.214343,27.75,-1.560,0.000006707323,4.02
27,07,21,10,24,23,37463.930,7,51.717593,-8.222289,46.00,-1.810,0.000004027612,4.02
27,07,21,10,29,24,37764.420,7,51.715704,-8.216111,38.75,-1.950,0.000007233975,4.02
27,07,21,10,35,15,38115.730,7,51.715226,-8.216546,32.00,-1.495,0.000005063902,4.02
27,07,21,10,40,15,38415.925,7,51.714204,-8.171771,30.25,9999.999,0.000005534203,4.02
27,07,21,10,45,16,38716.445,8,51.728832,-8.152145,30.25,-1.815,0.000002977943,4.02
27,07,21,10,50,16,39016.445,9,51.730219,-8.146011,37.50,-1.715,0.000003638112,4.02
27,07,21,10,55,16,39316.445,8,51.723472,-8.156416,32.00,-1.505,0.000003132046,4.02
27,07,21,11,00,16,39616.435,9,51.729857,-8.154382,44.75,-1.455,0.000005693255,4.02
27,07,21,11,07,17,40037.255,8,51.730583,-8.166779,29.25,-1.630,0.000005283181,4.02
27,07,21,11,14,18,40458.750,7,51.731205,-8.157255,43.75,-1.585,0.000005987400,4.02
27,07,21,11,19,22,40762.965,6,51.728849,-8.162080,74.50,-1.620,0.000001186396,4.02
27,07,21,11,26,23,41183.260,8,51.723164,-8.154916,47.75,-1.905,0.000003576031,4.02
27,07,21,11,33,24,41604.765,8,51.727724,-8.160361,40.50,-1.630,0.000002276833,4.02
27,07,21,11,38,25,41905.970,6,51.728927,-8.163134,34.00,9999.999,0.000001492194,4.02
27,07,21,11,43,25,42205.450,7,51.733350,-8.155903,24.50,-1.790,0.000000742423,4.02
27,07,21,11,48,25,42505.470,7,51.731845,-8.155961,49.75,-1.620,0.000003118482,4.02
27,07,21,11,55,19,42919.680,7,51.729239,-8.164985,28.50,-1.340,0.000001786673,4.02
27,07,21,12,00,19,43219.470,7,51.733714,-8.166583,41.00,-1.285,0.000002350944,4.02
27,07,21,12,07,20,43640.285,7,51.734593,-8.138428,50.25,-1.595,0.000003098114,4.00
27,07,21,12,14,21,44061.285,6,51.741615,-8.103341,44.75,-1.870,0.000002674799,4.00
27,07,21,12,19,22,44362.950,6,51.743712,-8.107439,46.00,-2.020,0.000002246123,4.02
27,07,21,12,24,22,44662.980,7,51.742994,-8.108446,39.25,-2.110,0.000000682922,4.02
27,07,21,12,29,23,44963.970,7,51.742267,-8.108141,44.50,-2.070,0.000002220429,4.02
27,07,21,12,34,31,45271.060,7,51.742108,-8.109066,49.75,-1.965,0.000001532043,4.02
27,07,21,12,39,31,45571.985,8,51.741752,-8.111492,48.75,-1.925,0.000002515837,4.02
27,07,21,12,44,32,45872.485,6,51.741220,-8.112880,52.00,-1.745,0.000002293475,4.02
27,07,21,12,51,09,46269.085,7,51.741368,-8.115570,41.50,-1.625,0.000001838434,4.02
27,07,21,12,56,08,46568.475,6,51.740173,-8.116921,38.00,-1.660,0.000000683158,4.02
27,07,21,13,01,08,46868.490,6,51.739507,-8.118018,29.75,-1.535,0.000002932139,4.02
27,07,21,13,08,20,47300.795,5,51.739859,-8.131909,61.25,-1.295,0.000000722166,4.02
27,07,21,13,13,09,47589.505,7,51.739369,-8.132647,48.75,-1.230,0.000003945770,4.02
27,07,21,13,19,35,47975.550,8,51.740374,-8.130459,49.00,-1.440,0.000001401401,4.02
27,07,21,13,26,36,48396.300,6,51.737921,-8.127507,40.75,-1.680,0.000001773257,4.02
27,07,21,13,33,31,48811.760,6,51.740464,-8.124668,42.75,-1.590,0.000001816962,4.00
27,07,21,13,40,32,49232.270,7,51.739719,-8.125592,30.50,-1.440,0.000001943810,4.02
27,07,21,13,46,52,49612.940,6,51.745564,-8.123314,-13.50,-1.820,0.000002727431,4.02
27,07,21,13,51,53,49913.030,6,51.745369,-8.122982,-9.25,-2.205,0.000002509944,4.02
27,07,21,13,57,23,50243.745,7,51.744989,-8.124483,56.25,9999.999,0.000001635779,4.02
27,07,21,14,03,24,50604.895,7,51.744593,-8.125045,29.25,-1.180,0.000004283334,4.02
27,07,21,14,10,26,51026.280,6,51.742864,-8.129484,12.00,9999.999,0.000003923366,4.02
27,07,21,14,15,25,51325.530,7,51.742471,-8.129235,33.75,-1.595,0.000007270405,4.02
27,07,21,14,22,26,51746.755,6,51.742275,-8.130274,93.50,-1.565,0.000000921496,4.02
27,07,21,14,29,04,52144.095,8,51.741565,-8.130241,35.50,-1.560,0.000005051679,4.02
27,07,21,14,34,04,52444.500,7,51.740853,-8.130213,47.50,-1.700,0.000005688722,4.02
27,07,21,14,39,04,52744.510,7,51.740042,-8.130850,86.00,-1.565,0.000006420566,4.02
27,07,21,14,44,04,53044.535,7,51.740025,-8.131169,68.25,-1.410,0.000003290533,4.02
27,07,21,14,49,04,53344.510,6,51.739495,-8.131809,54.75,-1.400,0.000002414036,4.02
27,07,21,14,54,04,53644.520,7,51.739344,-8.132296,23.00,-1.480,0.000004637299,4.02
27,07,21,15,01,05,54065.310,8,51.740634,-8.142461,92.50,-1.625,0.000003747218,4.02
27,07,21,15,08,07,54487.695,6,51.741010,-8.142764,36.00,-1.570,0.000001651442,4.02
27,07,21,15,15,08,54908.750,6,51.740252,-8.141875,21.50,-1.250,0.000001371724,4.02
27,07,21,15,22,09,55329.760,6,51.740203,-8.141627,53.00,-1.085,0.000001537235,4.02
27,07,21,15,27,08,55628.545,8,51.740742,-8.140484,63.75,-1.265,0.000005235765,4.02
27,07,21,15,32,10,55930.045,7,51.741034,-8.139417,49.00,-1.795,0.000001592184,4.02
27,07,21,15,37,10,56230.535,8,51.744562,-8.143445,84.25,9999.999,0.000003420669,4.02
27,07,21,15,42,10,56530.535,8,51.746234,-8.144634,40.25,-1.465,0.000002514675,4.02
27,07,21,15,47,10,56830.535,7,51.746176,-8.143928,60.00,-1.300,0.000001962470,4.02
27,07,21,15,52,11,57131.040,8,51.745988,-8.143461,43.25,-1.630,0.000002053657,4.02
27,07,21,15,57,11,57431.540,8,51.746023,-8.142899,46.25,-1.875,0.000003988205,4.02
27,07,21,16,02,11,57731.545,6,51.740565,-8.148965,35.25,-1.580,0.000001538181,4.02
27,07,21,16,07,11,58031.550,8,51.740458,-8.148276,50.25,-1.305,0.000002561743,4.02
27,07,21,16,14,12,58452.835,6,51.738902,-8.134834,41.00,-1.170,0.000001799405,4.02
27,07,21,16,19,12,58752.560,6,51.740479,-8.135678,51.25,-1.235,0.000001699993,4.02
27,07,21,16,24,12,59052.565,7,51.741128,-8.131166,36.25,-1.470,0.000003389165,4.02
27,07,21,16,29,12,59352.560,6,51.741308,-8.130805,51.75,-1.555,0.000004713397,4.02
27,07,21,16,34,12,59652.595,6,51.741758,-8.133722,42.50,-1.465,0.000001090365,4.02
27,07,21,16,39,14,59954.065,5,51.742333,-8.133138,47.75,-1.625,0.000000522756,4.02
27,07,21,16,44,13,60253.575,7,51.742633,-8.132785,38.50,-1.760,0.000001470939,4.02
27,07,21,16,51,17,60677.830,4,51.744794,-8.127527,38.00,-1.365,0.000000247032,4.00
27,07,21,16,58,16,61096.865,5,51.750273,-8.126154,42.50,-0.955,0.000000715763,4.02
27,07,21,17,03,17,61397.075,5,51.750405,-8.125640,57.25,-1.325,0.000000246330,4.02
27,07,21,17,08,17,61697.075,7,51.750760,-8.125228,60.00,-2.110,0.000002252648,4.00
27,07,21,17,13,18,61998.070,7,51.751300,-8.124797,46.75,-2.320,0.000001601753,4.02
27,07,21,17,18,18,62298.080,7,51.751590,-8.124393,53.50,-2.030,0.000000967166,4.02
27,07,21,17,23,19,62599.080,8,51.751960,-8.124323,60.75,-1.775,0.000001787202,4.02
27,07,21,17,28,20,62900.095,6,51.755071,-8.120364,43.75,-1.785,0.000001027952,4.02
27,07,21,17,33,20,63200.585,6,51.755735,-8.119921,65.00,-1.665,0.000002447569,4.02
27,07,21,17,38,21,63501.095,6,51.756126,-8.119409,64.75,-1.600,0.000000457144,4.00
27,07,21,17,43,21,63801.580,8,51.764205,-8.109415,61.00,-1.630,0.000003993848,4.02
27,07,21,17,50,34,64234.370,2,0.000000,0.000000,0.00,9999.999,9999.999000000000,4.02
27,07,21,17,55,55,64555.300,5,51.762316,-8.084287,90.25,-1.575,0.000000337623,4.00
27,07,21,18,00,56,64856.105,5,51.765707,-8.091716,83.00,-1.770,0.000000242717,4.00
27,07,21,18,07,59,65279.910,5,51.765525,-8.089227,98.50,-1.590,0.000000196032,4.00
27,07,21,18,12,59,65579.630,7,51.765845,-8.083244,79.75,-1.140,0.000003928707,4.00
27,07,21,18,17,59,65879.600,8,51.764817,-8.079010,66.75,-1.160,0.000003568396,4.00
27,07,21,18,25,00,66300.900,6,51.763166,-8.067916,80.50,-1.260,0.000002506834,4.02
27,07,21,18,30,01,66601.110,6,51.763915,-8.066389,76.75,-1.545,0.000001655141,4.02
27,07,21,18,37,10,67030.875,4,51.800708,-8.030040,76.00,-2.650,0.000000234135,4.00
27,07,21,18,44,03,67443.430,7,51.795768,-8.017072,72.50,9999.999,0.000004864432,4.00
27,07,21,18,51,04,67864.410,6,51.819968,-7.956268,97.50,-1.580,0.000003651516,4.00
27,07,21,18,58,05,68285.420,9,51.835071,-7.914536,77.25,9999.999,0.000005032982,4.00
27,07,21,19,05,06,68706.410,6,51.829241,-7.863747,90.00,-1.585,0.000002374328,4.00
27,07,21,19,12,08,69128.905,5,51.830028,-7.863562,58.25,-1.345,0.000001229147,4.02
27,07,21,19,17,08,69428.115,7,51.827789,-7.861351,84.00,9999.999,0.000004185329,4.00
27,07,21,19,22,07,69727.625,7,51.827752,-7.860211,66.50,-1.630,0.000004295622,4.00
27,07,21,19,29,08,70148.930,6,51.833872,-7.858849,93.50,-1.365,0.000005460504,4.00
27,07,21,19,34,08,70448.605,7,51.833033,-7.858504,91.00,-1.100,0.000004422970,4.00
27,07,21,19,39,28,70768.770,6,51.833179,-7.857624,125.50,-1.180,0.000004616440,4.00
27,07,21,19,44,28,71068.620,8,51.847307,-7.843386,66.25,-1.345,0.000001911419,4.00
27,07,21,19,49,28,71368.615,9,51.870780,-7.812225,78.25,-1.465,0.000003740727,4.00
27,07,21,19,54,28,71668.645,9,51.893878,-7.783414,57.25,-1.430,0.000003551267,4.00
27,07,21,19,59,28,71968.630,8,51.916687,-7.745696,63.00,-1.345,0.000004922879,4.00
27,07,21,20,04,28,72268.615,9,51.936742,-7.697400,73.00,-1.335,0.000006183109,4.00
27,07,21,20,09,29,72569.145,8,51.957048,-7.650207,66.00,-1.615,0.000003469149,4.00
27,07,21,20,14,29,72869.625,7,51.973959,-7.598721,60.00,-1.755,0.000003932826,4.00
27,07,21,20,19,30,73170.135,7,51.978172,-7.604900,35.50,-1.690,0.000001098468,4.00
27,07,21,20,26,41,73601.490,4,51.984356,-7.583155,35.00,-1.655,0.000000079251,4.00
27,07,21,20,31,31,73891.635,7,51.984727,-7.582907,43.25,-1.420,0.000002660790,4.00
27,07,21,20,36,32,74192.130,7,51.984674,-7.581777,47.25,-1.500,0.000001587591,4.00
27,07,21,20,41,32,74492.650,6,51.984367,-7.580408,36.75,-1.650,0.000000839152,4.00
27,07,21,20,46,32,74792.640,7,51.984177,-7.579496,36.50,-1.430,0.000003408348,4.00
27,07,21,20,51,33,75093.150,7,51.984101,-7.578378,48.00,-1.495,0.000000990368,4.00
27,07,21,20,56,34,75394.145,7,51.983916,-7.577415,40.50,-1.885,0.000001603864,4.00
27,07,21,21,01,35,75695.155,7,51.983735,-7.576324,52.00,-2.045,0.000001944037,4.00
27,07,21,21,06,34,75994.655,7,51.983484,-7.575236,51.50,-1.675,0.000002356445,4.02
27,07,21,21,11,35,76295.155,7,51.983273,-7.574164,38.75,-1.410,0.000000356639,4.00
27,07,21,21,16,36,76596.160,7,51.983011,-7.573097,34.75,-1.710,0.000002064966,4.00
27,07,21,21,21,36,76896.670,6,51.982732,-7.572293,41.50,-1.735,0.000001642699,4.00
27,07,21,21,26,36,77196.665,6,51.982433,-7.571298,57.00,-1.345,0.000001239725,4.00
27,07,21,21,31,36,77496.665,6,51.982153,-7.570607,54.50,-1.140,0.000000783476,4.00
27,07,21,21,36,37,77797.170,6,51.981828,-7.569885,57.50,-1.480,0.000000901485,4.00
27,07,21,21,41,37,78097.670,6,51.981110,-7.569173,43.75,-1.750,0.000002797820,4.00
27,07,21,21,46,37,78397.670,7,51.980185,-7.567476,51.50,-1.465,0.000002500489,4.00
27,07,21,21,51,37,78697.675,6,51.979549,-7.566000,60.00,-1.185,0.000001372363,4.00
27,07,21,21,56,38,78998.675,6,51.978938,-7.565283,47.50,-1.185,0.000000566883,4.00
27,07,21,22,01,38,79298.175,7,51.978730,-7.564590,45.75,-1.575,0.000000974431,4.00
27,07,21,22,06,38,79598.685,6,51.978419,-7.563569,50.50,-1.765,0.000001630194,4.00
27,07,21,22,11,38,79898.675,6,51.977933,-7.563059,46.00,-1.415,0.000001827417,4.00
27,07,21,22,16,38,80198.685,7,51.977508,-7.562550,54.75,-1.145,0.000000602857,4.00
27,07,21,22,21,39,80499.175,6,51.977380,-7.561757,52.75,-1.435,0.000001133771,4.02
27,07,21,22,26,40,80800.185,7,51.977049,-7.561299,41.00,-1.965,0.000001321400,4.00
27,07,21,22,31,40,81100.685,6,51.976684,-7.561122,58.25,9999.999,0.000000759243,4.00
27,07,21,22,36,41,81401.695,7,51.976344,-7.560886,53.00,-1.310,0.000002876028,4.00
27,07,21,22,41,41,81701.200,7,51.975830,-7.560604,35.50,9999.999,0.000001664728,4.00
27,07,21,22,46,42,82002.200,7,51.975139,-7.560359,38.25,-1.800,0.000001371605,4.00
27,07,21,22,51,41,82301.700,6,51.974360,-7.560144,33.50,-1.795,0.000001344473,4.00
27,07,21,22,56,42,82602.175,7,51.973477,-7.560264,44.75,-1.560,0.000001209197,4.00
27,07,21,23,01,43,82903.200,6,51.972284,-7.559981,40.75,-1.695,0.000002036850,4.00
27,07,21,23,06,44,83204.195,8,51.971447,-7.560076,62.50,-1.870,0.000004988810,4.00
27,07,21,23,11,45,83505.190,6,51.970732,-7.559945,60.00,-1.895,0.000002467501,4.00
27,07,21,23,16,46,83806.185,7,51.969890,-7.559835,60.25,-1.825,0.000003368991,4.00
27,07,21,23,21,47,84107.195,6,51.968898,-7.559698,44.00,-1.775,0.000000564199,4.00
27,07,21,23,26,48,84408.205,6,51.967858,-7.559641,40.75,-1.775,0.000000889405,4.00
27,07,21,23,31,49,84709.205,8,51.966714,-7.559811,44.25,-1.795,0.000004869187,4.00
27,07,21,23,36,49,85009.715,7,51.965471,-7.559833,50.25,-1.550,0.000002834305,4.00
27,07,21,23,41,50,85310.200,8,51.964381,-7.560370,27.75,-1.420,0.000003118781,4.00
27,07,21,23,46,50,85610.710,9,51.963318,-7.560584,47.75,-1.480,0.000007889616,4.00
27,07,21,23,51,50,85910.720,6,51.962143,-7.560954,52.75,-1.315,0.000002565191,4.00
27,07,21,23,56,50,86210.715,7,51.961237,-7.561421,44.25,-1.200,0.000004800141,4.00
28,07,21,00,01,51,111.220,7,51.960383,-7.561744,31.50,-1.475,0.000001573904,4.00
28,07,21,00,06,52,412.225,8,51.959440,-7.562055,39.75,-1.915,0.000002628014,4.00
28,07,21,00,11,52,712.705,7,51.958514,-7.562696,29.50,-1.755,0.000007039572,4.00
28,07,21,00,16,53,1013.225,7,51.957655,-7.563088,34.75,-1.455,0.000001960721,4.00
28,07,21,00,21,54,1314.235,7,51.956929,-7.563608,30.25,-1.620,0.000006360221,4.00
28,07,21,00,26,55,1615.230,7,51.955995,-7.564436,28.25,-1.850,0.000002529324,4.00
28,07,21,00,31,55,1915.230,7,51.955170,-7.565338,36.75,-1.885,0.000001220204,4.00
28,07,21,00,36,57,2217.235,6,51.954477,-7.566048,38.75,-1.785,0.000004551691,4.00
28,07,21,00,41,57,2517.235,7,51.953560,-7.566922,33.75,-1.715,0.000003099714,4.00
28,07,21,00,46,58,2818.235,8,51.952900,-7.567731,44.50,-1.730,0.000003338372,4.00
28,07,21,00,51,59,3119.240,8,51.952157,-7.568527,49.25,-1.770,0.000004439707,4.00
28,07,21,00,57,00,3420.240,8,51.951287,-7.569353,37.75,-1.780,0.000006219202,4.00
28,07,21,01,02,01,3721.250,8,51.950478,-7.570274,44.25,-1.760,0.000004475665,4.00
28,07,21,01,07,01,4021.740,8,51.949897,-7.571255,69.25,-1.495,0.000002965942,4.00
28,07,21,01,12,02,4322.245,7,51.949316,-7.572041,36.50,-1.375,0.000003594434,4.00
28,07,21,01,17,03,4623.245,8,51.948822,-7.573093,50.50,-1.695,0.000003986031,4.00
28,07,21,01,22,03,4923.245,8,51.948101,-7.574018,47.50,-1.915,0.000006214006,4.00
28,07,21,01,27,04,5224.255,7,51.947501,-7.574937,41.25,-1.860,0.000003047575,4.00
28,07,21,01,32,05,5525.250,8,51.946822,-7.576010,47.75,-1.720,0.000003270046,4.00
28,07,21,01,37,06,5826.250,9,51.946113,-7.577118,49.50,-1.680,0.000003513007,4.00
28,07,21,01,42,07,6127.250,7,51.945443,-7.578210,49.25,-1.730,0.000004307878,4.00
28,07,21,01,47,08,6428.260,8,51.944856,-7.579293,43.00,-1.770,0.000004293110,4.00
28,07,21,01,52,10,6730.260,6,51.944382,-7.580426,37.50,-1.760,0.000005199750,4.00
28,07,21,01,57,10,7030.260,7,51.943965,-7.581612,51.50,-1.735,0.000004217405,4.00
28,07,21,02,02,11,7331.255,7,51.943487,-7.582854,60.25,-1.730,0.000003888677,4.00
28,07,21,02,07,13,7633.260,6,51.942960,-7.584028,45.25,-1.740,0.000003647726,4.00
28,07,21,02,12,16,7936.240,5,51.942420,-7.585750,97.75,-1.755,0.000000717404,4.00
28,07,21,02,17,16,8236.245,5,51.941954,-7.587010,88.00,-1.765,0.000000259706,4.00
28,07,21,02,22,15,8535.255,6,51.941651,-7.588006,60.50,-1.755,0.000003105484,4.00
28,07,21,02,27,16,8836.255,6,51.941293,-7.589334,68.75,-1.740,0.000001465241,4.00
28,07,21,02,32,17,9137.250,6,51.941083,-7.590550,67.75,-1.740,0.000002216389,4.00
28,07,21,02,37,23,9443.990,5,51.941113,-7.591438,61.00,-1.380,0.000001071218,4.00
28,07,21,02,42,17,9737.270,7,51.940857,-7.592621,58.75,9999.999,0.000001326106,4.00
28,07,21,02,47,19,10039.280,6,51.940831,-7.593748,60.50,-1.725,0.000002706804,4.00
28,07,21,02,52,20,10340.275,6,51.940843,-7.594976,55.25,-1.895,0.000003678437,4.00
28,07,21,02,57,21,10641.285,6,51.944814,-7.598114,58.25,-1.805,0.000002701000,4.00
28,07,21,03,02,24,10944.285,5,51.944896,-7.599259,30.00,-1.670,0.000000921890,4.00
28,07,21,03,07,22,11242.270,7,51.944672,-7.600492,55.25,-1.655,0.000003007595,4.00
28,07,21,03,12,26,11546.265,5,51.944717,-7.601691,44.50,-1.725,0.000000278970,4.00
28,07,21,03,17,25,11845.285,6,51.944925,-7.603125,63.75,-1.760,0.000003921468,4.00
28,07,21,03,22,25,12145.280,6,51.945115,-7.604353,51.75,-1.735,0.000002568401,4.00
28,07,21,03,27,26,12446.285,6,51.945404,-7.605351,61.75,-1.705,0.000004255621,4.00
28,07,21,03,32,27,12747.285,6,51.945528,-7.606558,49.25,-1.700,0.000002202367,4.00
28,07,21,03,37,28,13048.290,6,51.945787,-7.607644,57.25,-1.710,0.000002895180,4.00
28,07,21,03,42,29,13349.280,5,51.945970,-7.608826,25.50,-1.720,0.000001233712,4.00
28,07,21,03,47,30,13650.290,6,51.946188,-7.610095,47.00,-1.720,0.000002705421,4.00
28,07,21,03,52,31,13951.290,6,51.946463,-7.611281,40.50,-1.710,0.000000976715,4.00
28,07,21,03,57,32,14252.290,6,51.946755,-7.612496,41.75,-1.705,0.000001545213,4.00
28,07,21,04,02,35,14555.295,5,51.946946,-7.613714,30.25,-1.705,0.000000491183,4.00
28,07,21,04,07,33,14853.295,7,51.947185,-7.614948,49.50,-1.705,0.000001861692,4.00
28,07,21,04,12,34,15154.305,7,51.947547,-7.615982,41.25,-1.700,0.000002299624,3.98
28,07,21,04,17,35,15455.800,8,51.948022,-7.616851,48.00,-1.445,0.000003395928,4.00
28,07,21,04,22,35,15755.305,7,51.948399,-7.617851,48.00,-1.320,0.000002412623,4.00
28,07,21,04,27,36,16056.310,7,51.948919,-7.618843,50.75,-1.630,0.000002519452,4.00
28,07,21,04,32,40,16360.310,5,51.949391,-7.620197,69.50,-1.845,0.000000550913,4.00
28,07,21,04,37,37,16657.835,6,51.950045,-7.620813,52.50,-1.535,0.000002688736,4.00
28,07,21,04,42,39,16959.315,6,51.950590,-7.621786,42.25,-1.270,0.000003596316,3.98
28,07,21,04,47,42,17262.320,6,51.951065,-7.622645,41.25,-1.550,0.000003618880,4.00
28,07,21,04,52,40,17560.350,6,51.951324,-7.623630,13.25,-1.805,0.000002299764,4.00
28,07,21,04,57,42,17862.315,6,51.951751,-7.624499,67.00,-1.795,0.000001348350,4.00
28,07,21,05,02,45,18165.325,4,51.951890,-7.624764,67.00,-1.675,0.000000557653,4.00
28,07,21,05,09,52,18592.535,5,51.953013,-7.624774,84.75,-1.510,0.000000306231,3.98
28,07,21,05,16,48,19008.120,5,51.953650,-7.624714,94.00,-1.090,0.000000184746,3.98
28,07,21,05,23,47,19427.110,6,51.953542,-7.625015,57.75,-0.675,0.000002935613,3.98
28,07,21,05,30,50,19850.085,5,51.954297,-7.624987,42.50,-0.695,0.000000373847,4.00
28,07,21,05,37,51,20271.115,5,51.955032,-7.625011,88.50,-0.910,0.000000182233,3.98
28,07,21,05,44,48,20688.620,8,51.955700,-7.624483,55.75,-1.240,0.000006586405,4.00
28,07,21,05,49,50,20990.320,6,51.955883,-7.623803,38.25,-1.695,0.000002545685,3.98
28,07,21,05,54,51,21291.345,6,51.955516,-7.622982,71.00,-1.895,0.000003985794,3.98
28,07,21,05,59,50,21590.835,9,51.956010,-7.624099,56.25,-1.510,0.000004651258,3.98
28,07,21,06,04,51,21891.840,8,51.944014,-7.591266,47.75,-0.970,0.000005398883,3.98
28,07,21,06,09,52,22192.340,6,51.939195,-7.592406,64.75,9999.999,0.000004970987,3.98
28,07,21,06,14,55,22495.340,5,51.938856,-7.592161,39.25,-1.660,0.000001278474,3.98
28,07,21,06,19,54,22794.350,6,51.938476,-7.592170,63.50,-2.000,0.000004493005,3.98
28,07,21,06,24,54,23094.350,8,51.938260,-7.592165,65.25,-1.820,0.000005112139,3.98
28,07,21,06,29,56,23396.340,6,51.938223,-7.592126,36.25,-1.565,0.000001170249,4.00
28,07,21,06,34,56,23696.345,6,51.937927,-7.592369,73.25,-1.530,0.000006277785,3.98
28,07,21,06,39,56,23996.850,7,51.937972,-7.592287,40.25,-1.385,0.000002578781,3.98
28,07,21,06,44,55,24295.845,8,51.949372,-7.578834,47.25,-1.080,0.000003156798,3.98
28,07,21,06,51,57,24717.170,7,51.963105,-7.572739,48.25,-0.840,0.000003229669,3.98
28,07,21,06,56,57,25017.350,7,51.971982,-7.567002,47.75,9999.999,0.000001986557,4.00
28,07,21,07,04,00,25440.170,6,51.974058,-7.560433,49.00,-1.240,0.000001783380,3.98
28,07,21,07,09,00,25740.360,6,51.973932,-7.560316,43.00,-1.435,0.000001790035,3.98
28,07,21,07,13,59,26039.865,9,51.961038,-7.560212,39.25,-1.485,0.000004519779,3.98
28,07,21,07,21,04,26464.195,5,51.957422,-7.568683,28.75,-0.995,0.000000631361,3.98
28,07,21,07,27,50,26870.065,6,51.956933,-7.568316,36.75,-0.625,0.000001242966,3.98
28,07,21,07,32,48,27168.875,8,51.955016,-7.585611,53.75,-0.845,0.000002704031,3.98
28,07,21,07,37,48,27468.855,7,51.938971,-7.603028,58.50,-1.245,0.000006425434,3.98
28,07,21,07,42,48,27768.885,8,51.927766,-7.621850,40.00,-1.330,0.000007129148,3.98
28,07,21,07,47,48,28068.860,7,51.905618,-7.636399,52.50,-1.170,0.000002806296,3.98
28,07,21,07,52,48,28368.870,7,51.884293,-7.656070,47.50,-1.055,0.000001831377,3.98
28,07,21,07,57,48,28668.875,7,51.876675,-7.682544,54.00,-1.070,0.000005127763,3.98
28,07,21,08,02,48,28968.870,9,51.865369,-7.701532,54.50,-1.135,0.000004533872,3.98
28,07,21,08,07,48,29268.875,8,51.861389,-7.724329,55.25,-1.160,0.000003837948,3.98
28,07,21,08,12,48,29568.880,7,51.876327,-7.742739,44.50,-1.135,0.000003888042,3.98
28,07,21,08,17,48,29868.885,7,51.880400,-7.769560,58.50,-1.105,0.000005795718,3.98
28,07,21,08,22,49,30169.885,7,51.888408,-7.793353,55.75,-1.100,0.000001694935,3.98
28,07,21,08,27,49,30469.400,7,51.876738,-7.810560,67.50,-1.355,0.000001413978,3.98
28,07,21,08,32,49,30769.385,8,51.877094,-7.811412,44.75,-1.735,0.000003132930,3.98
28,07,21,08,37,53,31073.395,5,51.877916,-7.811528,57.50,-1.800,0.000000844698,3.98
28,07,21,08,44,53,31493.180,6,51.877249,-7.811655,38.00,-1.245,0.000002143742,3.98
28,07,21,08,51,53,31913.145,7,51.877225,-7.810347,44.25,-0.560,0.000002085980,3.98
28,07,21,08,56,53,32213.400,7,51.877153,-7.809571,63.25,9999.999,0.000001458733,3.98
28,07,21,09,01,54,32514.400,7,51.876933,-7.809068,56.00,-1.600,0.000002883634,3.98
28,07,21,09,06,55,32815.400,8,51.876823,-7.808777,51.75,9999.999,0.000005927842,3.98
28,07,21,09,11,56,33116.400,7,51.876662,-7.808325,39.50,-1.600,0.000002047098,3.98
28,07,21,09,16,56,33416.900,8,51.876414,-7.808270,42.50,-1.350,0.000004025169,4.00
28,07,21,09,21,57,33717.900,7,51.876258,-7.807981,33.00,-0.975,0.000003324061,3.98
28,07,21,09,27,53,34073.735,6,51.876038,-7.807566,48.25,-0.995,0.000001842605,3.98
28,07,21,09,32,52,34372.405,8,51.875731,-7.807628,44.50,-1.440,0.000003263957,3.98
28,07,21,09,37,53,34673.400,8,51.875441,-7.807730,39.25,-1.820,0.000003980737,3.98
28,07,21,09,42,53,34973.880,7,51.875538,-7.808068,47.00,-1.550,0.000003786378,3.98
28,07,21,09,47,54,35274.420,7,51.884586,-7.800303,57.25,-1.215,0.000002048034,3.98
28,07,21,09,52,54,35574.915,8,51.880248,-7.822161,42.00,-1.165,0.000006039366,3.98
28,07,21,09,57,54,35874.915,10,51.878699,-7.827509,39.50,-1.060,0.000007301835,3.98
28,07,21,10,02,54,36174.900,8,51.849462,-7.827582,52.75,-1.040,0.000007090782,3.98
28,07,21,10,07,54,36474.910,8,51.827583,-7.846258,40.50,-1.085,0.000003266988,3.98
28,07,21,10,14,57,36897.205,6,51.821637,-7.840302,26.75,-0.965,0.000001525390,3.98
28,07,21,10,19,55,37195.925,7,51.820881,-7.839591,12.25,-0.875,0.000004586946,3.98
28,07,21,10,26,56,37616.675,7,51.819795,-7.838921,50.00,-1.155,0.000002986531,3.98
28,07,21,10,33,58,38038.175,7,51.818969,-7.838461,28.00,-1.215,0.000003747010,3.98
28,07,21,10,38,57,38337.925,8,51.845015,-7.830266,46.50,-0.980,0.000004619344,3.98
28,07,21,10,43,58,38638.930,8,51.870750,-7.810006,47.25,-0.955,0.000003716640,3.98
28,07,21,10,48,58,38938.435,8,51.893997,-7.780717,41.25,-1.305,0.000004468035,3.98
28,07,21,10,53,59,39239.435,8,51.907203,-7.771935,38.25,-1.740,0.000003449099,3.98
28,07,21,10,59,00,39540.930,9,51.919844,-7.738845,43.00,-1.535,0.000003733411,3.98
28,07,21,11,03,59,39839.945,9,51.934339,-7.694919,42.00,-0.960,0.000004995829,3.98
28,07,21,11,08,59,40139.940,7,51.959813,-7.639756,48.25,-0.770,0.000004695688,3.96
28,07,21,11,13,59,40439.950,7,51.968858,-7.593708,48.50,-0.960,0.000005253803,3.98
28,07,21,11,19,00,40740.440,8,51.980651,-7.572315,43.50,-1.400,0.000005327813,3.98
28,07,21,11,24,01,41041.450,7,51.995407,-7.564700,51.25,-1.775,0.000003628444,3.98
28,07,21,11,29,01,41341.945,9,52.013898,-7.566668,47.50,-1.490,0.000003991245,3.98
28,07,21,11,34,01,41641.950,7,52.035663,-7.542930,39.75,-0.910,0.000002374671,3.98
28,07,21,11,39,01,41941.950,9,52.054859,-7.492770,54.75,-0.760,0.000003098303,3.96
28,07,21,11,44,01,42241.940,6,52.085082,-7.468170,25.25,-0.980,0.000000384568,3.98
28,07,21,11,50,34,42634.580,8,52.098322,-7.446396,38.50,-1.350,0.000003532897,3.96
28,07,21,11,55,35,42935.960,9,52.100518,-7.445453,57.25,-1.415,0.000004487270,3.98
28,07,21,12,02,35,43355.775,7,52.102670,-7.432547,60.50,-1.165,0.000001439332,3.96
28,07,21,12,07,35,43655.965,7,52.104605,-7.432157,49.75,-1.005,0.000002299572,3.98
28,07,21,12,12,36,43956.965,7,52.104470,-7.430958,43.25,-0.955,0.000001766572,3.98
28,07,21,12,17,35,44255.965,8,52.104380,-7.429868,40.00,-1.010,0.000002307717,3.98
28,07,21,12,22,35,44555.960,6,52.097827,-7.425431,7.50,-1.065,0.000001879786,3.98
28,07,21,12,27,35,44855.975,10,52.094266,-7.401372,55.25,-1.060,0.000003665520,3.98
28,07,21,12,32,35,45155.970,7,52.065732,-7.357429,54.25,-1.025,0.000002965952,3.96
28,07,21,12,37,35,45455.975,9,52.028606,-7.363230,48.50,-1.010,0.000004642640,3.98
28,07,21,12,42,36,45756.490,7,51.991314,-7.368160,52.75,-1.260,0.000001678008,3.98
28,07,21,12,47,37,46057.020,7,51.983877,-7.367849,55.75,-1.370,0.000002221563,3.98
28,07,21,12,52,36,46356.990,7,51.994408,-7.332495,38.00,-1.050,0.000003384786,3.96
28,07,21,12,57,37,46657.990,7,52.017516,-7.283752,56.25,-0.850,0.000001209173,3.98
28,07,21,13,02,36,46956.980,8,52.029373,-7.246968,53.00,-0.915,0.000002527079,3.98
28,07,21,13,09,37,47377.805,6,52.058172,-7.228106,49.75,-1.140,0.000002703312,3.98
28,07,21,13,16,38,47798.810,7,52.061524,-7.222744,56.50,-1.305,0.000004908385,3.96
28,07,21,13,23,40,48220.295,7,52.060807,-7.221014,44.75,-1.030,0.000003650940,3.96
28,07,21,13,28,41,48521.500,6,52.061572,-7.221552,16.75,9999.999,0.000002432926,3.98
28,07,21,13,33,40,48821.000,7,52.061467,-7.222894,50.00,-1.250,0.000002072797,3.98
28,07,21,13,38,41,49121.510,8,52.064011,-7.235830,60.50,-1.355,0.000004039055,3.96
28,07,21,13,45,43,49543.805,7,52.055386,-7.230415,5.75,-1.395,0.000003557047,3.96
28,07,21,13,52,44,49964.325,7,52.058540,-7.244481,55.25,-0.955,0.000003262200,3.98
28,07,21,13,59,44,50384.815,8,52.046708,-7.240725,52.50,-0.710,0.000006387758,3.98
28,07,21,14,05,40,50740.370,6,52.061153,-7.249725,53.75,-0.785,0.000002389021,3.96
28,07,21,14,12,41,51161.335,8,52.062558,-7.244117,46.25,-0.685,0.000005876828,3.98
28,07,21,14,19,42,51582.375,6,52.051330,-7.256510,0.50,-0.595,0.000003960623,3.96
28,07,21,14,26,55,52015.405,0,0.000000,0.000000,0.00,9999.999,9999.999000000000,3.96
28,07,21,14,33,44,52424.855,7,52.038760,-7.275053,72.25,-0.840,0.000002465463,3.98
28,07,21,14,40,45,52845.350,8,52.057291,-7.268767,63.25,-1.020,0.000008011687,3.96
28,07,21,14,47,45,53265.850,6,52.041946,-7.232720,16.75,-0.990,0.000004932771,3.96
28,07,21,14,53,39,53619.370,8,52.030996,-7.212249,36.50,-0.875,0.000005117344,3.96
28,07,21,15,00,43,54043.385,5,52.033699,-7.200174,0.00,-0.565,0.000000145224,3.96
28,07,21,15,07,53,54473.435,0,0.000000,0.000000,0.00,9999.999,9999.999000000000,3.96
28,07,21,15,12,52,54772.615,6,52.033630,-7.219034,57.50,9999.999,0.000002112682,3.96
28,07,21,15,17,51,55071.035,9,52.030308,-7.214445,54.50,-1.175,0.000006467477,3.96
28,07,21,15,22,51,55371.035,7,52.037361,-7.212271,49.50,-1.270,0.000001715576,3.96
28,07,21,15,29,51,55791.860,7,52.051179,-7.212651,56.00,-1.100,0.000003095601,3.96
28,07,21,15,35,12,56112.200,6,52.073923,-7.207023,70.75,-0.885,0.000001111162,3.96
28,07,21,15,40,12,56412.035,9,52.092857,-7.212413,65.75,-0.775,0.000006488868,3.96
28,07,21,15,45,12,56712.045,9,52.067675,-7.212996,72.50,-0.905,0.000004552325,3.96
28,07,21,15,50,40,57040.725,6,52.067587,-7.213778,53.00,-1.180,0.000002144106,3.96
28,07,21,15,55,40,57340.050,7,52.067280,-7.213772,81.25,-1.250,0.000002319029,3.98
28,07,21,16,00,40,57640.550,7,52.066968,-7.214225,80.50,-1.235,0.000003577765,3.96
28,07,21,16,05,41,57941.055,8,52.072625,-7.210334,55.50,-1.190,0.000001336043,3.96
28,07,21,16,10,41,58241.060,9,52.071641,-7.192719,66.75,-0.920,0.000004403739,3.96
28,07,21,16,15,41,58541.050,7,52.061786,-7.172004,75.00,-0.810,0.000003386441,3.96
28,07,21,16,20,41,58841.060,8,52.034761,-7.143181,73.00,-0.890,0.000002279651,3.96
28,07,21,16,25,41,59141.070,9,52.035061,-7.119018,59.00,-0.975,0.000003848553,3.96
28,07,21,16,30,40,59440.995,6,52.035908,-7.076925,46.50,-1.010,0.000001481973,3.96
28,07,21,16,35,41,59741.060,10,52.059095,-7.028616,64.75,-0.990,0.000004643515,3.96
28,07,21,16,40,41,60041.070,9,52.072515,-6.984513,48.25,-0.925,0.000004409604,3.96
28,07,21,16,45,41,60341.075,8,52.067140,-6.967272,51.25,-0.895,0.000002882249,3.96
28,07,21,16,50,41,60641.065,8,52.059282,-6.941812,63.50,-0.915,0.000004969852,3.96
28,07,21,16,55,41,60941.585,7,52.045673,-6.906955,52.50,-1.185,0.000001707762,3.96
28,07,21,17,00,41,61241.075,7,52.047892,-6.876583,60.25,-1.305,0.000004256685,3.96
28,07,21,17,05,41,61541.075,7,52.066871,-6.845561,55.75,-0.985,0.000001770894,3.96
28,07,21,17,10,41,61841.095,6,52.075652,-6.807484,66.00,-0.755,0.000001220910,3.96
28,07,21,17,15,41,62141.075,9,52.075629,-6.767858,56.75,-0.800,0.000004102227,3.96
28,07,21,17,20,41,62441.590,7,52.065213,-6.736981,55.00,-1.190,0.000002475027,3.96
28,07,21,17,25,42,62742.100,5,52.037558,-6.711440,64.25,-1.350,0.000000237829,3.96
28,07,21,17,30,42,63042.090,6,52.008972,-6.680854,61.75,-0.985,0.000002030538,3.96
28,07,21,17,35,42,63342.095,6,51.995240,-6.652754,54.25,-0.725,0.000000534430,3.96
28,07,21,17,40,42,63642.595,7,51.994404,-6.655498,52.50,-1.025,0.000002560624,3.96
28,07,21,17,47,43,64063.965,6,51.994630,-6.657224,72.25,-1.370,0.000001533521,3.94
28,07,21,17,54,46,64486.450,5,51.995351,-6.659550,89.75,-0.965,0.000000340980,3.96
28,07,21,18,01,45,64905.955,6,51.993750,-6.656360,75.50,-0.595,0.000001095891,3.96
28,07,21,18,06,47,65207.615,7,51.995115,-6.650207,52.25,-1.030,0.000001303701,3.96
28,07,21,18,11,49,65509.610,5,51.995058,-6.651148,63.25,-1.605,0.000000320844,3.96
28,07,21,18,18,50,65930.455,6,51.995386,-6.648188,70.00,9999.999,0.000003061839,3.96
28,07,21,18,25,51,66351.965,6,51.995225,-6.649622,92.75,-0.790,0.000002526100,3.96
28,07,21,18,30,51,66651.110,7,51.994810,-6.648897,54.00,-0.555,0.000004159438,3.96
28,07,21,18,35,51,66951.625,7,51.994247,-6.653080,97.00,-1.015,0.000002820720,3.96
28,07,21,18,40,52,67252.625,7,51.993919,-6.654125,93.50,-1.605,0.000002998557,3.96
28,07,21,18,45,53,67553.625,6,51.993445,-6.655552,97.75,-1.670,0.000003344125,3.96
28,07,21,18,52,54,67974.950,8,51.995471,-6.658310,69.00,-1.245,0.000002477877,3.96
28,07,21,18,58,44,68324.455,7,51.993666,-6.654350,63.00,-0.585,0.000005520873,3.96
28,07,21,19,05,56,68756.445,4,51.997066,-6.649366,63.00,-0.220,0.000001317069,3.96
28,07,21,19,12,46,69166.460,6,51.997086,-6.649947,62.00,-0.365,0.000004135844,3.96
28,07,21,19,19,46,69586.975,8,51.998058,-6.651262,79.75,-0.855,0.000005302601,3.96
28,07,21,19,24,47,69887.125,7,51.996095,-6.650651,102.00,-1.195,0.000002533235,3.96
28,07,21,19,29,47,70187.135,8,52.017408,-6.645237,68.25,-1.040,0.000006501998,3.96
28,07,21,19,34,47,70487.140,8,52.042721,-6.644030,64.25,-0.785,0.000005569448,3.96
28,07,21,19,39,47,70787.135,9,52.068751,-6.649835,78.50,-0.735,0.000007987954,3.96
28,07,21,19,44,47,71087.145,6,52.095685,-6.652387,47.50,-0.835,0.000002150736,3.96
28,07,21,19,49,47,71387.115,6,52.118165,-6.663154,97.00,-0.920,0.000003417859,3.94
28,07,21,19,54,47,71687.640,7,52.117709,-6.663518,74.75,-1.165,0.000006312290,3.96
28,07,21,19,59,48,71988.645,6,52.117126,-6.662251,49.75,-1.480,0.000001303829,3.96
28,07,21,20,04,49,72289.130,6,52.116977,-6.661388,77.75,-1.270,0.000005285673,3.96
28,07,21,20,11,50,72710.950,6,52.116452,-6.659463,33.75,-0.855,0.000000590879,3.96
28,07,21,20,18,26,73106.795,6,52.115899,-6.657793,40.00,-0.920,0.000000896420,3.96
28,07,21,20,23,27,73407.140,7,52.125097,-6.660729,49.75,-1.065,0.000005056082,3.96
28,07,21,20,28,27,73707.155,6,52.145182,-6.654293,42.50,-0.925,0.000001722694,3.96
28,07,21,20,33,27,74007.145,7,52.148117,-6.651221,50.50,-0.780,0.000001186665,3.94
28,07,21,20,38,27,74307.170,6,52.168488,-6.654541,29.50,-0.770,0.000002970426,3.96
28,07,21,20,43,27,74607.140,7,52.167254,-6.655039,44.00,-0.840,0.000002208441,3.94
28,07,21,20,48,27,74907.170,5,52.166863,-6.653497,44.25,-0.880,0.000000930337,3.96
28,07,21,20,53,27,75207.170,8,52.166539,-6.652288,46.75,-0.850,0.000001826605,3.96
28,07,21,20,58,27,75507.670,7,52.166029,-6.651106,34.00,-1.065,0.000002126866,3.96
28,07,21,21,03,28,75808.675,7,52.165556,-6.649721,42.25,-1.435,0.000001825268,3.94
28,07,21,21,08,29,76109.675,6,52.165196,-6.648356,45.75,-1.510,0.000000276977,3.94
28,07,21,21,13,30,76410.190,8,52.164728,-6.647114,47.25,-1.105,0.000001829788,3.96
28,07,21,21,18,30,76710.685,7,52.164239,-6.645874,51.75,-0.860,0.000001174184,3.96
28,07,21,21,23,31,77011.690,7,52.163868,-6.644541,53.25,-1.190,0.000001029523,3.96
28,07,21,21,28,32,77312.190,6,52.163390,-6.643253,63.00,-1.225,0.000002928660,3.96
28,07,21,21,35,33,77733.985,6,52.162529,-6.641596,33.50,-0.930,0.000001175821,3.94
28,07,21,21,40,34,78034.190,6,52.161989,-6.640470,50.50,-0.765,0.000001483299,3.96
28,07,21,21,45,33,78333.205,6,52.161206,-6.638978,64.00,-0.720,0.000002357894,3.96
28,07,21,21,50,33,78633.210,6,52.160759,-6.637643,44.75,-0.770,0.000001033204,3.96
28,07,21,21,55,34,78934.200,7,52.160484,-6.636166,52.00,-0.820,0.000001160773,3.96
28,07,21,22,00,33,79233.700,6,52.159826,-6.634874,48.50,-1.075,0.000001279639,3.96
28,07,21,22,05,34,79534.705,6,52.159020,-6.633634,55.50,-1.425,0.000000468541,3.96
28,07,21,22,10,35,79835.695,6,52.158425,-6.632204,53.25,-1.475,0.000001329806,3.96
28,07,21,22,15,36,80136.205,6,52.157883,-6.630794,37.50,-1.075,0.000000886957,3.94
28,07,21,22,20,36,80436.715,6,52.157089,-6.629254,47.00,-0.840,0.000001297585,3.94
28,07,21,22,25,37,80737.210,6,52.146671,-6.605080,69.50,-0.920,0.000001413750,3.94
28,07,21,22,30,37,81037.680,7,52.141962,-6.589908,66.50,-1.095,0.000001809710,3.94
28,07,21,22,35,49,81349.905,1,0.000000,0.000000,0.00,9999.999,9999.999000000000,3.94
28,07,21,22,40,49,81649.905,1,0.000000,0.000000,0.00,9999.999,9999.999000000000,3.96
28,07,21,22,45,49,81949.905,1,0.000000,0.000000,0.00,9999.999,9999.999000000000,3.94
