day,month,year,hour,minute,second,abs.second,sats,Latitude,Longitude,Altitude,var1,var2,var3
19,07,21,03,00,20,10820.490,6,52.135840,-6.680002,73.50,9999.999,0.000001929987,4.12
19,07,21,03,05,20,11120.520,7,52.135274,-6.679752,54.00,3.005,0.000003493936,4.10
19,07,21,03,10,22,11422.515,6,52.134916,-6.679387,67.00,2.275,0.000000444057,4.12
19,07,21,03,15,25,11725.515,5,52.134475,-6.679086,72.50,2.150,0.000000509233,4.12
19,07,21,03,20,24,12024.530,6,52.133959,-6.678689,61.00,2.460,0.000002530026,4.12
19,07,21,03,25,24,12324.030,8,52.129112,-6.697862,55.25,2.935,0.000004049218,4.10
19,07,21,03,30,24,12624.025,6,52.126713,-6.745208,41.50,3.265,0.000004711487,4.10
19,07,21,03,35,24,12924.045,8,52.129348,-6.792473,58.00,3.200,0.000003194453,4.10
19,07,21,03,40,24,13224.540,9,52.127199,-6.841716,58.00,2.760,0.000002813072,4.12
19,07,21,03,45,28,13528.530,6,52.116723,-6.879553,41.75,2.315,0.000000683199,4.10
19,07,21,03,50,26,13826.535,7,52.116587,-6.879899,29.50,2.310,0.000004667134,4.12
19,07,21,03,55,28,14128.570,5,52.117046,-6.880714,-14.50,2.550,0.000000847745,4.10
19,07,21,04,00,27,14427.560,7,52.116148,-6.881231,71.00,2.685,0.000003664334,4.10
19,07,21,04,05,29,14729.555,6,52.115845,-6.882316,61.25,2.625,0.000004201990,4.10
19,07,21,04,10,30,15030.555,6,52.115982,-6.883283,42.75,2.525,0.000001733068,4.10
19,07,21,04,15,31,15331.555,6,52.116121,-6.884082,44.00,2.505,0.000003088742,4.10
19,07,21,04,20,31,15631.565,7,52.116098,-6.885068,64.00,2.550,0.000004107628,4.10
19,07,21,04,25,33,15933.570,6,52.115948,-6.886045,47.00,2.590,0.000002472216,4.10
19,07,21,04,30,34,16234.560,6,52.115738,-6.887103,43.50,2.585,0.000001738298,4.10
19,07,21,04,35,34,16534.565,7,52.109981,-6.901313,61.50,2.560,0.000001993958,4.10
19,07,21,04,40,35,16835.580,8,52.098482,-6.953784,47.50,2.560,0.000002644670,4.10
19,07,21,04,45,36,17136.580,6,52.095110,-7.010068,72.25,2.580,0.000001355255,4.10
19,07,21,04,50,37,17437.580,8,52.105864,-7.060217,46.25,2.590,0.000002323077,4.10
19,07,21,04,55,37,17737.080,6,52.113029,-7.109014,27.50,2.835,0.000004342300,4.10
19,07,21,05,00,37,18037.595,6,52.108608,-7.157593,31.00,2.960,0.000001124065,4.10
19,07,21,05,05,38,18338.600,6,52.110540,-7.211744,55.50,2.660,0.000000886917,4.10
19,07,21,05,10,40,18640.600,6,52.112824,-7.225219,36.25,2.450,0.000001033478,4.10
19,07,21,05,15,40,18940.600,7,52.113037,-7.226215,50.50,2.495,0.000002390371,4.10
19,07,21,05,20,42,19242.635,5,52.113186,-7.226616,35.00,2.640,0.000000577856,4.10
19,07,21,05,25,43,19543.130,6,52.113344,-7.227006,55.25,2.955,0.000002274588,4.10
19,07,21,05,30,46,19846.635,5,52.113396,-7.227827,33.50,3.040,0.000000616446,4.10
19,07,21,05,35,46,20146.650,5,52.113651,-7.228506,76.75,2.685,0.000000582751,4.10
19,07,21,05,40,47,20447.655,4,52.113978,-7.229263,76.00,2.475,0.000000318721,4.10
19,07,21,05,45,48,20748.645,5,52.113918,-7.230170,87.00,2.545,0.000000356511,4.10
19,07,21,05,50,49,21049.645,5,52.114159,-7.230881,93.75,2.680,0.000000064064,4.10
19,07,21,05,55,47,21347.140,6,52.114035,-7.231545,58.00,2.960,0.000003893052,4.10
19,07,21,06,00,49,21649.680,5,52.113971,-7.232176,34.00,3.050,0.000000240093,4.10
19,07,21,06,05,47,21947.650,6,52.114035,-7.232831,66.75,2.710,0.000004824477,4.08
19,07,21,06,10,49,22249.140,6,52.113990,-7.233495,70.00,2.725,0.000004780316,4.10
19,07,21,06,15,48,22548.635,7,52.113857,-7.234215,63.75,2.895,0.000004813894,4.10
19,07,21,06,20,49,22849.635,7,52.113967,-7.235263,61.50,2.720,0.000003717654,4.10
19,07,21,06,25,51,23151.630,6,52.113527,-7.236752,50.75,2.545,0.000002778948,4.10
19,07,21,06,30,52,23452.645,6,52.113596,-7.238026,70.50,2.550,0.000003577566,4.10
19,07,21,06,35,53,23753.640,6,52.113374,-7.239505,66.50,2.645,0.000004467855,4.10
19,07,21,06,40,53,24053.625,7,52.109745,-7.254572,36.25,2.680,0.000001836141,4.10
19,07,21,06,45,54,24354.620,7,52.110853,-7.304629,27.75,2.640,0.000000276311,4.10
19,07,21,06,50,55,24655.640,9,52.117397,-7.342853,56.50,2.610,0.000003127783,4.10
19,07,21,06,55,56,24956.650,6,52.120157,-7.355611,72.00,2.630,0.000004456596,4.10
19,07,21,07,00,57,25257.640,6,52.120187,-7.355760,40.75,2.655,0.000001741105,4.10
19,07,21,07,05,57,25557.645,7,52.120300,-7.356112,34.50,2.655,0.000002233006,4.10
19,07,21,07,10,58,25858.655,8,52.120374,-7.356251,46.25,2.650,0.000003253387,4.10
19,07,21,07,15,59,26159.650,7,52.120517,-7.356489,63.50,2.650,0.000004115874,4.10
19,07,21,07,21,01,26461.660,6,52.120624,-7.356903,45.50,2.655,0.000002988861,4.10
19,07,21,07,26,01,26761.665,7,52.120716,-7.357412,37.50,2.665,0.000001044882,4.10
19,07,21,07,31,03,27063.665,6,52.120965,-7.357921,40.75,2.670,0.000002273793,4.10
19,07,21,07,36,04,27364.660,6,52.121163,-7.358402,38.75,2.665,0.000001356450,4.10
19,07,21,07,41,05,27665.165,7,52.120081,-7.366816,47.00,2.910,0.000001639116,4.10
19,07,21,07,46,05,27965.670,6,52.120080,-7.367461,48.25,3.040,0.000001469219,4.10
19,07,21,07,51,05,28265.170,7,52.120257,-7.367940,50.00,2.985,0.000002920408,4.10
19,07,21,07,56,05,28565.175,8,52.120409,-7.368499,41.00,3.145,0.000002531822,4.10
19,07,21,08,01,05,28865.175,7,52.120656,-7.369060,44.50,3.255,0.000001709416,4.10
19,07,21,08,06,04,29164.165,7,52.120787,-7.369632,52.25,3.225,0.000002177688,4.10
19,07,21,08,11,05,29465.675,7,52.121035,-7.369963,42.50,2.905,0.000003282324,4.10
19,07,21,08,16,05,29765.675,7,52.121017,-7.370447,55.00,2.515,0.000004808776,4.08
19,07,21,08,21,07,30067.685,6,52.121332,-7.370839,48.75,2.485,0.000001772132,4.10
19,07,21,08,26,07,30367.705,7,52.120523,-7.366912,46.75,2.680,0.000001452655,4.10
19,07,21,08,31,09,30669.190,8,52.120928,-7.367003,65.00,3.045,0.000002643770,4.08
19,07,21,08,36,08,30968.695,7,52.110919,-7.361265,56.25,3.125,0.000002551631,4.08
19,07,21,08,41,10,31270.715,7,52.111013,-7.361755,41.00,2.745,0.000001813204,4.10
19,07,21,08,46,10,31570.695,6,52.111295,-7.362543,41.00,2.515,0.000001548647,4.10
19,07,21,08,51,13,31873.725,5,52.111485,-7.362861,51.50,2.595,0.000000204671,4.08
19,07,21,08,56,11,32171.695,7,52.111713,-7.363816,44.00,2.750,0.000002189861,4.10
19,07,21,09,01,12,32472.710,7,52.111709,-7.364610,69.25,2.780,0.000001718445,4.10
19,07,21,09,06,13,32773.700,7,52.111806,-7.365508,36.25,2.720,0.000002302869,4.10
19,07,21,09,11,15,33075.200,7,52.112021,-7.366569,43.00,2.920,0.000001860508,4.10
19,07,21,09,16,14,33374.200,7,52.108702,-7.374602,24.25,3.300,0.000003307433,4.10
19,07,21,09,21,14,33674.210,7,52.110522,-7.375579,41.25,3.395,0.000003154445,4.10
19,07,21,09,26,15,33975.205,8,52.108407,-7.418644,34.25,3.255,0.000002414164,4.10
19,07,21,09,31,15,34275.215,7,52.105041,-7.418651,41.00,3.140,0.000002636423,4.10
19,07,21,09,36,14,34574.720,9,52.104229,-7.425572,52.00,2.910,0.000005528679,4.08
19,07,21,09,41,14,34874.720,8,52.097514,-7.411073,38.25,2.605,0.000004612953,4.10
19,07,21,09,46,15,35175.725,8,52.095670,-7.411782,59.75,2.570,0.000001782425,4.10
19,07,21,09,51,19,35479.760,6,52.097716,-7.413395,76.75,2.725,0.000001721766,4.08
19,07,21,09,56,20,35780.725,9,52.100259,-7.410861,58.75,2.820,0.000007298820,4.08
19,07,21,10,01,21,36081.730,7,52.103312,-7.413439,38.50,2.775,0.000004638164,4.10
19,07,21,10,06,22,36382.225,7,52.092857,-7.396517,60.25,2.955,0.000002421156,4.10
19,07,21,10,11,22,36682.225,11,52.084893,-7.402147,59.75,3.315,0.000002695668,4.08
19,07,21,10,16,22,36982.225,7,52.090912,-7.397377,52.50,3.405,0.000007692190,4.08
19,07,21,10,21,22,37282.225,8,52.089162,-7.406131,60.75,3.270,0.000004445844,4.08
19,07,21,10,26,23,37583.740,6,52.078493,-7.413277,53.25,2.915,0.000001127814,4.10
19,07,21,10,31,25,37885.755,8,52.076992,-7.415666,36.25,2.570,0.000005135589,4.08
19,07,21,10,36,26,38186.740,8,52.077274,-7.418023,45.00,2.575,0.000006227848,4.08
19,07,21,10,41,27,38487.245,7,52.076295,-7.418132,28.50,2.995,0.000004155682,4.10
19,07,21,10,46,27,38787.735,8,52.068645,-7.423333,36.50,3.200,0.000006130628,4.10
19,07,21,10,51,29,39089.740,6,52.068753,-7.423533,39.75,2.840,0.000005313246,4.08
19,07,21,10,56,30,39390.750,6,52.068875,-7.423597,53.50,2.565,0.000002287377,4.08
19,07,21,11,01,30,39690.745,8,52.069228,-7.423968,47.75,2.610,0.000004500123,4.08
19,07,21,11,06,32,39992.770,6,52.069966,-7.423900,52.75,2.780,0.000001879819,4.08
19,07,21,11,11,33,40293.750,6,52.070519,-7.423894,47.25,2.845,0.000005155461,4.10
19,07,21,11,16,36,40596.775,6,52.070722,-7.423675,57.50,2.795,0.000001076772,4.08
19,07,21,11,21,37,40897.785,6,52.070736,-7.423534,53.00,2.755,0.000001509994,4.08
19,07,21,11,26,34,41194.785,7,52.070575,-7.423585,49.25,2.765,0.000003083646,4.08
19,07,21,11,31,38,41498.795,6,52.070592,-7.423652,41.50,2.795,0.000002632077,4.08
19,07,21,11,36,36,41796.765,7,52.070923,-7.423887,35.50,2.795,0.000004028055,4.08
19,07,21,11,41,37,42097.775,9,52.071550,-7.423994,47.50,2.770,0.000004539071,4.08
19,07,21,11,46,39,42399.810,6,52.071606,-7.423562,36.75,2.780,0.000002333164,4.08
19,07,21,11,51,39,42699.780,7,52.071766,-7.423987,46.00,2.800,0.000004441675,4.08
19,07,21,11,56,41,43001.770,6,52.071969,-7.423993,24.50,2.785,0.000003534917,4.08
19,07,21,12,01,42,43302.775,6,52.072478,-7.423742,23.00,2.765,0.000003888955,4.08
19,07,21,12,06,43,43603.285,7,52.072350,-7.423766,28.25,3.020,0.000003653446,4.08
19,07,21,12,11,42,43902.790,7,52.072644,-7.423600,37.00,3.165,0.000004489670,4.08
19,07,21,12,16,44,44204.225,6,52.073033,-7.424123,-6.25,3.080,0.000002174052,4.08
19,07,21,12,21,44,44504.780,6,52.073959,-7.423435,17.75,2.960,0.000000861835,4.08
19,07,21,12,26,44,44804.800,8,52.074918,-7.423177,41.25,2.730,0.000003885369,4.08
19,07,21,12,31,45,45105.790,7,52.074968,-7.422907,23.50,2.680,0.000001019392,4.08
19,07,21,12,36,46,45406.800,7,52.077228,-7.422717,43.50,2.770,0.000002999383,4.08
19,07,21,12,41,48,45708.310,7,52.077952,-7.423864,55.75,3.100,0.000002422854,4.08
19,07,21,12,46,48,46008.820,6,52.077982,-7.423955,61.25,3.230,0.000001597086,4.08
19,07,21,12,51,48,46308.810,8,52.078244,-7.423869,43.50,2.880,0.000001983060,4.08
19,07,21,12,56,49,46609.300,7,52.079146,-7.423841,41.75,2.880,0.000002167243,4.08
19,07,21,13,01,49,46909.310,7,52.079427,-7.424115,51.50,3.305,0.000001767681,4.08
19,07,21,13,06,49,47209.825,8,52.079684,-7.424000,54.50,3.280,0.000001109039,4.08
19,07,21,13,11,50,47510.830,9,52.079739,-7.423974,55.50,2.815,0.000002639310,4.08
19,07,21,13,16,50,47810.325,7,52.079249,-7.432192,54.00,2.845,0.000001052643,4.08
19,07,21,13,23,51,48231.385,7,52.073786,-7.438703,55.00,3.370,0.000002678813,4.08
19,07,21,13,29,57,48597.330,8,52.074104,-7.439214,37.00,3.620,0.000001892338,4.08
19,07,21,13,34,57,48897.320,8,52.074586,-7.438806,60.75,3.450,0.000003371423,4.08
19,07,21,13,41,16,49276.840,8,52.074809,-7.439113,40.75,2.995,0.000002499783,4.08
19,07,21,13,46,18,49578.845,6,52.074998,-7.439621,58.50,2.615,0.000000794594,4.08
19,07,21,13,51,18,49878.345,6,52.075656,-7.439713,47.25,2.905,0.000002568377,4.08
19,07,21,13,56,18,50178.855,8,52.076416,-7.440103,48.75,3.245,0.000001089635,4.08
19,07,21,14,01,19,50479.845,7,52.077252,-7.440305,35.25,3.020,0.000002028143,4.08
19,07,21,14,07,37,50857.870,7,52.078842,-7.438573,46.00,2.745,0.000002170346,4.08
19,07,21,14,12,38,51158.765,6,52.078807,-7.439994,-10.75,2.680,0.000002517969,4.08
19,07,21,14,17,38,51458.860,7,52.079361,-7.439265,51.75,2.780,0.000002894545,4.08
19,07,21,14,22,39,51759.840,7,52.079312,-7.439983,19.75,2.900,0.000003157838,4.08
19,07,21,14,27,40,52060.870,7,52.079614,-7.439972,39.75,2.915,0.000002590293,4.08
19,07,21,14,32,42,52362.845,6,52.079693,-7.440425,20.00,2.865,0.000003636118,4.08
19,07,21,14,37,43,52663.405,6,52.080104,-7.440445,-3.25,3.100,0.000002716366,4.08
19,07,21,14,42,42,52962.870,7,52.080607,-7.441443,45.25,3.255,0.000004701987,4.08
19,07,21,14,47,43,53263.375,6,52.080664,-7.442129,35.25,3.200,0.000003991961,4.08
19,07,21,14,52,43,53563.360,7,52.080841,-7.442706,32.75,3.340,0.000004100385,4.08
19,07,21,14,57,43,53863.890,7,52.081164,-7.442517,28.00,3.195,0.000005063656,4.08
19,07,21,15,02,45,54165.365,7,52.081616,-7.442895,24.75,3.055,0.000005238151,4.08
19,07,21,15,07,44,54464.855,7,52.081567,-7.442917,25.50,3.040,0.000004374932,4.08
19,07,21,15,12,45,54765.870,8,52.081699,-7.443078,56.00,2.855,0.000004328611,4.08
19,07,21,15,17,47,55067.405,7,52.082271,-7.443017,85.25,3.045,0.000004728591,4.08
19,07,21,15,22,46,55366.375,8,52.082020,-7.443313,28.50,3.485,0.000004720570,4.08
19,07,21,15,27,46,55666.895,7,52.082306,-7.443535,65.25,3.355,0.000003489982,4.08
19,07,21,15,32,47,55967.885,7,52.082590,-7.444038,44.75,2.825,0.000004090180,4.08
19,07,21,15,37,48,56268.405,7,52.082600,-7.444119,83.25,9999.999,0.000004000520,4.08
19,07,21,15,42,48,56568.895,7,52.082663,-7.444561,27.75,3.150,0.000005447086,4.08
19,07,21,15,47,49,56869.890,8,52.082794,-7.444934,44.75,3.055,0.000001790758,4.08
19,07,21,15,54,51,57291.965,6,52.083096,-7.445625,39.50,2.880,0.000001020900,4.08
19,07,21,16,01,53,57713.450,6,52.083623,-7.445955,66.25,3.120,0.000002502412,4.08
19,07,21,16,06,54,58014.450,7,52.085326,-7.453984,78.50,3.570,0.000005510020,4.08
19,07,21,16,11,54,58314.400,8,52.087312,-7.456782,71.75,3.650,0.000005320175,4.08
19,07,21,16,16,54,58614.910,7,52.089522,-7.444033,52.25,3.195,0.000006920216,4.08
19,07,21,16,21,55,58915.405,6,52.090064,-7.445066,89.00,2.930,0.000001432780,4.08
19,07,21,16,26,55,59215.410,7,52.092872,-7.453895,70.50,3.275,0.000002828650,4.08
19,07,21,16,31,55,59515.415,7,52.092889,-7.454299,81.50,3.585,0.000004580270,4.08
19,07,21,16,36,55,59815.415,6,52.092876,-7.454823,69.50,3.570,0.000002067229,4.08
19,07,21,16,41,55,60115.420,8,52.093247,-7.457964,48.25,3.410,0.000003088967,4.08
19,07,21,16,46,56,60416.430,6,52.093179,-7.458539,57.25,3.345,0.000001141832,4.08
19,07,21,16,51,55,60715.435,6,52.093459,-7.458814,57.25,3.400,0.000001594881,4.08
19,07,21,16,56,56,61016.940,6,52.093461,-7.459225,25.25,3.215,0.000002584509,4.08
19,07,21,17,01,55,61315.435,6,52.093757,-7.459849,63.75,3.095,0.000002674659,4.08
19,07,21,17,06,55,61615.945,7,52.093670,-7.460222,47.00,3.130,0.000003871802,4.08
19,07,21,17,11,56,61916.940,7,52.093721,-7.460710,46.50,2.960,0.000003731568,4.08
19,07,21,17,16,57,62217.940,6,52.094097,-7.461388,62.25,2.855,0.000002322788,4.08
19,07,21,17,21,58,62518.935,6,52.094291,-7.462005,60.75,2.885,0.000001027760,4.08
19,07,21,17,26,59,62819.945,6,52.094383,-7.462502,58.50,2.955,0.000000750922,4.08
19,07,21,17,32,01,63121.955,5,52.094602,-7.462842,35.00,2.985,0.000000132220,4.08
19,07,21,17,37,01,63421.945,6,52.094715,-7.463921,61.75,2.965,0.000001877915,4.08
19,07,21,17,42,05,63725.965,5,52.094855,-7.464274,30.75,2.945,0.000000460963,4.08
19,07,21,17,47,03,64023.955,7,52.094890,-7.465108,51.50,2.950,0.000001362349,4.08
19,07,21,17,52,20,64340.980,4,52.092575,-7.462537,51.00,2.970,0.000000619928,4.08
19,07,21,17,57,15,64635.460,7,52.094151,-7.448633,51.75,3.230,0.000002176557,4.08
19,07,21,18,02,15,64935.460,6,52.087885,-7.445332,52.25,3.590,0.000004418196,4.08
19,07,21,18,07,41,65261.980,5,52.087283,-7.442788,51.50,3.400,0.000000062337,4.08
19,07,21,18,12,39,65559.460,6,52.080680,-7.447030,28.25,3.125,0.000002712057,4.08
19,07,21,18,17,39,65859.975,8,52.092920,-7.457637,51.50,3.080,0.000001496721,4.08
19,07,21,18,22,40,66160.970,7,52.087056,-7.458859,62.50,2.950,0.000002273286,4.08
19,07,21,18,27,42,66462.980,5,52.087341,-7.459156,48.25,2.910,0.000000401180,4.08
19,07,21,18,32,42,66762.980,6,52.087512,-7.459566,62.75,2.960,0.000002452440,4.08
19,07,21,18,37,43,67063.980,7,52.088920,-7.460558,41.50,3.005,0.000002226791,4.08
19,07,21,18,42,45,67365.995,5,52.089219,-7.460699,87.00,3.010,0.000000599094,4.08
19,07,21,18,47,45,67665.990,6,52.088725,-7.460868,50.50,2.995,0.000001830466,4.08
19,07,21,18,52,45,67965.995,6,52.088831,-7.462372,71.75,2.985,0.000004802141,4.08
19,07,21,18,57,48,68268.005,5,52.088871,-7.462305,140.50,2.995,0.000000806329,4.08
19,07,21,19,02,47,68567.995,6,52.088978,-7.462401,54.00,3.005,0.000003152019,4.08
19,07,21,19,07,49,68869.995,5,52.089099,-7.462657,128.75,3.000,0.000000820586,4.08
19,07,21,19,12,49,69169.490,6,52.088990,-7.462977,58.00,3.240,0.000002546220,4.08
19,07,21,19,17,49,69469.510,6,52.089087,-7.463356,120.00,3.620,0.000002413992,4.08
19,07,21,19,22,49,69769.490,6,52.089125,-7.463993,49.25,3.690,0.000005936692,4.08
19,07,21,19,27,49,70069.500,6,52.089192,-7.464496,67.75,3.530,0.000004865248,4.08
19,07,21,19,32,49,70369.500,8,52.089283,-7.464978,58.75,3.420,0.000003125569,4.08
19,07,21,19,37,49,70669.500,6,52.089284,-7.465606,108.00,3.445,0.000001846092,4.08
19,07,21,19,42,50,70970.005,7,52.089433,-7.466438,69.75,3.265,0.000004826334,4.08
19,07,21,19,47,49,71269.505,6,52.089568,-7.467187,70.25,3.165,0.000004410349,4.08
19,07,21,19,52,50,71570.505,6,52.089648,-7.467886,79.00,3.455,0.000004074963,4.08
19,07,21,19,57,49,71869.505,8,52.089609,-7.468549,93.25,3.650,0.000004373545,4.08
19,07,21,20,02,51,72171.000,5,52.089802,-7.469191,52.25,3.350,0.000000083330,4.08
19,07,21,20,07,51,72471.500,6,52.089908,-7.469957,75.25,3.100,0.000004511107,4.08
19,07,21,20,12,50,72770.520,8,52.089637,-7.470801,55.00,3.385,0.000005237955,4.08
19,07,21,20,17,50,73070.515,7,52.089623,-7.471150,76.00,3.660,0.000006462910,4.06
19,07,21,20,22,51,73371.020,7,52.089439,-7.471483,66.75,3.405,0.000004217357,4.06
19,07,21,20,27,51,73671.525,11,52.096127,-7.460125,67.75,3.145,0.000004831825,4.06
19,07,21,20,32,51,73971.535,10,52.106016,-7.417916,52.75,3.400,0.000006324362,4.06
19,07,21,20,37,51,74271.540,6,52.100598,-7.374557,94.00,3.665,0.000001952980,4.08
19,07,21,20,42,52,74572.035,8,52.086678,-7.368759,69.75,3.420,0.000006915504,4.08
19,07,21,20,47,52,74872.520,7,52.084081,-7.325502,38.75,3.155,0.000001403263,4.06
19,07,21,20,52,52,75172.525,7,52.085092,-7.287061,58.00,3.390,0.000004009467,4.06
19,07,21,20,57,52,75472.530,7,52.088394,-7.244664,46.00,3.645,0.000001691942,4.08
19,07,21,21,02,53,75773.045,8,52.090713,-7.225186,39.25,3.415,0.000002317032,4.08
19,07,21,21,07,54,76074.035,7,52.091411,-7.226762,41.00,2.925,0.000001098440,4.08
19,07,21,21,12,55,76375.045,7,52.091788,-7.228464,44.00,2.795,0.000001697036,4.06
19,07,21,21,17,57,76677.045,6,52.092388,-7.230213,44.25,2.980,0.000000866761,4.08
19,07,21,21,22,58,76978.050,6,52.092708,-7.232224,39.50,3.140,0.000001623442,4.08
19,07,21,21,27,57,77277.060,7,52.092789,-7.234249,52.50,3.135,0.000001378934,4.06
19,07,21,21,32,57,77577.555,7,52.093119,-7.236019,46.00,3.305,0.000002768358,4.06
19,07,21,21,37,58,77878.075,7,52.093216,-7.237135,33.00,3.400,0.000003248528,4.06
19,07,21,21,43,00,78180.060,6,52.093418,-7.239157,39.00,3.115,0.000001225385,4.06
19,07,21,21,47,59,78479.565,7,52.093547,-7.240663,46.50,3.170,0.000000346856,4.06
19,07,21,21,52,59,78779.570,7,52.093531,-7.242285,52.50,3.595,0.000001893842,4.06
19,07,21,21,57,59,79079.575,7,52.093672,-7.244102,49.50,3.785,0.000002539742,4.06
19,07,21,22,02,59,79379.575,6,52.094010,-7.245902,65.50,3.670,0.000002149517,4.08
19,07,21,22,08,00,79680.080,7,52.094244,-7.246995,47.75,3.270,0.000001954004,4.06
19,07,21,22,13,00,79980.580,7,52.094288,-7.248201,45.25,3.130,0.000001280318,4.06
19,07,21,22,18,01,80281.080,6,52.094426,-7.249774,51.75,3.260,0.000000713784,4.06
19,07,21,22,23,00,80580.590,6,52.094500,-7.251469,47.50,3.400,0.000001188826,4.06
19,07,21,22,28,00,80880.590,7,52.094673,-7.252971,51.25,3.660,0.000002243127,4.06
19,07,21,22,33,00,81180.600,7,52.094927,-7.254237,55.25,3.725,0.000002000567,4.06
19,07,21,22,38,02,81482.095,5,52.095216,-7.255981,58.25,3.380,0.000001038408,4.06
19,07,21,22,43,02,81782.590,6,52.095516,-7.257573,61.50,3.170,0.000000608715,4.06
19,07,21,22,48,01,82081.600,6,52.095735,-7.259023,51.00,3.490,0.000002774597,4.06
19,07,21,22,53,02,82382.100,6,52.095818,-7.260586,51.75,3.510,0.000000291074,4.06
19,07,21,22,58,03,82683.110,7,52.095988,-7.262172,60.50,3.115,0.000003090018,4.06
19,07,21,23,03,03,82983.605,7,52.096134,-7.263589,48.00,3.160,0.000001995653,4.08
19,07,21,23,08,03,83283.610,8,52.096317,-7.265340,44.50,3.630,0.000001289458,4.06
19,07,21,23,13,04,83584.110,7,52.096419,-7.267042,52.75,3.595,0.000002142817,4.06
19,07,21,23,18,03,83883.615,7,52.096407,-7.268825,49.75,3.345,0.000001278087,4.06
19,07,21,23,23,04,84184.115,7,52.096444,-7.270482,36.50,3.240,0.000003990623,4.06
19,07,21,23,28,05,84485.630,6,52.096453,-7.271918,38.25,3.320,0.000000813397,4.06
19,07,21,23,33,05,84785.080,6,52.096497,-7.273714,16.50,3.395,0.000000935566,4.06
19,07,21,23,38,06,85086.095,6,52.096504,-7.275396,31.00,3.125,0.000000961016,4.06
19,07,21,23,43,07,85387.115,7,52.096609,-7.277075,38.50,2.970,0.000001754877,4.06
19,07,21,23,48,08,85688.120,6,52.096655,-7.278719,47.00,3.040,0.000001969846,4.06
19,07,21,23,53,09,85989.120,6,52.100962,-7.283812,45.00,3.155,0.000000657149,4.06
19,07,21,23,58,09,86289.625,7,52.100874,-7.285086,47.75,3.430,0.000000631639,4.04
20,07,21,00,03,10,190.130,6,52.100758,-7.286720,61.00,3.515,0.000000767876,4.06
20,07,21,00,08,12,492.135,5,52.100716,-7.288125,26.75,3.175,0.000000160087,4.04
20,07,21,00,13,19,799.495,6,52.100785,-7.289313,45.50,3.145,0.000000683367,4.06
20,07,21,00,18,19,1099.495,5,52.099533,-7.288553,29.50,3.480,0.000000775106,4.06
20,07,21,00,23,11,1391.140,7,52.099870,-7.289798,58.25,3.485,0.000003091293,4.06
20,07,21,00,28,11,1691.635,7,52.100064,-7.290909,39.25,3.390,0.000002507213,4.04
20,07,21,00,33,13,1993.150,6,52.100197,-7.291909,40.75,3.345,0.000001283106,4.06
20,07,21,00,38,23,2303.975,5,52.100497,-7.293825,-10.50,3.540,0.000000540732,4.06
20,07,21,00,43,12,2592.660,7,52.100469,-7.294481,28.00,3.915,0.000002865056,4.06
20,07,21,00,48,12,2892.665,7,52.100659,-7.295372,50.50,3.850,0.000002998583,4.06
20,07,21,00,53,13,3193.650,6,52.100863,-7.296581,31.50,3.625,0.000002124838,4.06
20,07,21,00,58,24,3504.625,2,0.000000,0.000000,0.00,9999.999,9999.999000000000,4.06
20,07,21,01,03,24,3804.625,0,0.000000,0.000000,0.00,9999.999,9999.999000000000,4.06
20,07,21,01,08,24,4104.625,3,0.000000,0.000000,0.00,9999.999,9999.999000000000,4.06
20,07,21,01,13,13,4393.175,7,52.101055,-7.299590,35.25,3.300,0.000002862795,4.06
20,07,21,01,18,13,4693.180,8,52.102536,-7.302163,37.75,3.015,0.000002685053,4.04
20,07,21,01,23,14,4994.175,8,52.102486,-7.303012,46.75,3.035,0.000004110181,4.04
20,07,21,01,28,15,5295.175,7,52.103312,-7.306454,45.75,3.185,0.000003333165,4.04
20,07,21,01,33,27,5607.185,1,0.000000,0.000000,0.00,9999.999,9999.999000000000,4.06
20,07,21,01,38,27,5907.185,1,0.000000,0.000000,0.00,9999.999,9999.999000000000,4.04
20,07,21,01,43,27,6207.015,4,52.103334,-7.307930,45.00,3.170,0.000000197759,4.04
20,07,21,01,48,25,6505.010,5,52.102946,-7.308863,57.75,3.505,0.000000822101,4.04
20,07,21,01,53,27,6807.505,2,0.000000,0.000000,0.00,9999.999,9999.999000000000,4.04
20,07,21,01,58,27,7107.505,2,0.000000,0.000000,0.00,9999.999,9999.999000000000,4.04
20,07,21,02,03,27,7407.505,3,0.000000,0.000000,0.00,9999.999,9999.999000000000,4.04
20,07,21,02,08,27,7707.035,4,52.101907,-7.310926,45.00,9999.999,0.000000760980,4.04
20,07,21,02,13,27,8007.505,3,0.000000,0.000000,0.00,9999.999,9999.999000000000,4.04
20,07,21,02,18,27,8307.505,3,0.000000,0.000000,0.00,9999.999,9999.999000000000,4.04
20,07,21,02,23,27,8607.505,2,0.000000,0.000000,0.00,9999.999,9999.999000000000,4.04
20,07,21,02,28,27,8907.505,2,0.000000,0.000000,0.00,9999.999,9999.999000000000,4.04
20,07,21,02,33,27,9207.505,2,0.000000,0.000000,0.00,9999.999,9999.999000000000,4.04
20,07,21,02,38,27,9507.505,3,0.000000,0.000000,0.00,9999.999,9999.999000000000,4.04
20,07,21,02,43,27,9807.015,4,52.099800,-7.314167,45.00,3.025,0.000000320788,4.04
20,07,21,02,48,27,10107.025,2,0.000000,0.000000,0.00,9999.999,9999.999000000000,4.04
20,07,21,02,53,27,10407.025,3,0.000000,0.000000,0.00,9999.999,9999.999000000000,4.04
20,07,21,02,58,27,10707.025,1,0.000000,0.000000,0.00,9999.999,9999.999000000000,4.04
20,07,21,03,03,27,11007.025,1,0.000000,0.000000,0.00,9999.999,9999.999000000000,4.02
20,07,21,03,08,27,11307.025,3,0.000000,0.000000,0.00,9999.999,9999.999000000000,4.02
20,07,21,03,13,27,11607.025,2,0.000000,0.000000,0.00,9999.999,9999.999000000000,4.02
20,07,21,03,18,27,11907.025,3,0.000000,0.000000,0.00,9999.999,9999.999000000000,4.02
20,07,21,03,23,27,12207.015,4,52.097272,-7.317935,45.00,2.775,0.000000463966,4.02
20,07,21,03,28,25,12505.505,5,52.096743,-7.318467,38.25,3.135,0.000000905984,4.02
20,07,21,03,33,27,12807.135,3,0.000000,0.000000,0.00,9999.999,9999.999000000000,4.02
20,07,21,03,38,15,13095.725,8,52.097690,-7.331400,47.75,3.795,0.000001555506,4.02
20,07,21,03,43,27,13407.795,3,0.000000,0.000000,0.00,9999.999,9999.999000000000,4.02
20,07,21,03,48,27,13707.795,1,0.000000,0.000000,0.00,9999.999,9999.999000000000,4.02
20,07,21,03,53,27,14007.795,1,0.000000,0.000000,0.00,9999.999,9999.999000000000,4.02
20,07,21,03,58,27,14307.795,1,0.000000,0.000000,0.00,9999.999,9999.999000000000,4.02
20,07,21,04,03,27,14607.795,3,0.000000,0.000000,0.00,9999.999,9999.999000000000,4.02
20,07,21,04,08,19,14899.255,5,52.098431,-7.348758,55.75,3.820,0.000000398053,4.02
20,07,21,04,13,28,15208.820,1,0.000000,0.000000,0.00,9999.999,9999.999000000000,4.02
20,07,21,04,18,18,15498.240,5,52.098258,-7.350938,43.75,3.260,0.000000483415,4.02
20,07,21,04,23,29,15809.260,3,0.000000,0.000000,0.00,9999.999,9999.999000000000,4.02
20,07,21,04,28,29,16109.260,3,0.000000,0.000000,0.00,9999.999,9999.999000000000,4.02
20,07,21,04,33,27,16407.990,5,52.100766,-7.364303,-18.00,3.335,0.000000301580,4.02
20,07,21,04,38,18,16698.265,8,52.101521,-7.367011,53.50,3.665,0.000001996909,4.02
20,07,21,04,43,30,17010.665,1,0.000000,0.000000,0.00,9999.999,9999.999000000000,4.02
20,07,21,04,48,30,17310.005,4,52.111121,-7.394091,53.00,3.300,0.000000939333,4.02
20,07,21,04,53,30,17610.300,3,0.000000,0.000000,0.00,9999.999,9999.999000000000,4.02
20,07,21,04,58,30,17910.010,4,52.110844,-7.395416,53.00,2.825,0.000000258570,4.02
20,07,21,05,03,29,18209.825,2,0.000000,0.000000,0.00,9999.999,9999.999000000000,4.02
20,07,21,05,08,29,18509.825,3,0.000000,0.000000,0.00,9999.999,9999.999000000000,4.00
20,07,21,05,13,29,18809.475,5,52.109651,-7.397826,-40.25,3.005,0.000000069384,4.00
20,07,21,05,18,30,19110.005,2,0.000000,0.000000,0.00,9999.999,9999.999000000000,4.00
20,07,21,05,23,30,19410.005,1,0.000000,0.000000,0.00,9999.999,9999.999000000000,4.00
20,07,21,05,28,29,19709.975,4,52.109463,-7.399695,53.00,3.315,0.000000524889,4.02
20,07,21,05,33,18,19998.815,6,52.119545,-7.379074,45.25,3.550,0.000001343333,4.02
20,07,21,05,38,18,20298.800,6,52.120846,-7.364683,54.25,3.925,0.000004147874,4.00
20,07,21,05,43,30,20610.925,3,0.000000,0.000000,0.00,9999.999,9999.999000000000,4.02
20,07,21,05,48,30,20910.925,0,0.000000,0.000000,0.00,9999.999,9999.999000000000,4.02
20,07,21,05,53,30,21210.925,1,0.000000,0.000000,0.00,9999.999,9999.999000000000,4.02
20,07,21,05,58,30,21510.925,3,0.000000,0.000000,0.00,9999.999,9999.999000000000,4.02
20,07,21,06,03,29,21809.975,4,52.119479,-7.364698,54.00,3.575,0.000000195113,4.00
20,07,21,06,08,30,22110.575,2,0.000000,0.000000,0.00,9999.999,9999.999000000000,4.00
20,07,21,06,13,30,22410.575,2,0.000000,0.000000,0.00,9999.999,9999.999000000000,4.02
20,07,21,06,18,30,22710.575,2,0.000000,0.000000,0.00,9999.999,9999.999000000000,4.02
20,07,21,06,23,30,23010.575,3,0.000000,0.000000,0.00,9999.999,9999.999000000000,4.00
20,07,21,06,28,30,23310.575,2,0.000000,0.000000,0.00,9999.999,9999.999000000000,4.00
20,07,21,06,33,30,23610.575,2,0.000000,0.000000,0.00,9999.999,9999.999000000000,4.00
20,07,21,06,38,18,23898.815,7,52.118891,-7.378226,48.25,9999.999,0.000001458878,4.00
20,07,21,06,43,19,24199.335,8,52.102552,-7.408576,75.75,3.575,0.000002849647,4.00
20,07,21,06,48,54,24534.005,4,52.087016,-7.440829,75.00,3.170,0.000002002834,4.00
20,07,21,06,53,42,24822.840,7,52.073053,-7.438172,72.75,9999.999,0.000002560492,4.00
20,07,21,06,58,43,25123.330,9,52.054612,-7.470073,43.00,3.585,0.000003452483,4.00
20,07,21,07,04,43,25483.585,2,0.000000,0.000000,0.00,9999.999,9999.999000000000,4.00
20,07,21,07,09,43,25783.585,3,0.000000,0.000000,0.00,9999.999,9999.999000000000,4.00
20,07,21,07,14,42,26082.985,4,52.061191,-7.490275,43.00,3.365,0.000000442206,4.00
20,07,21,07,19,31,26371.845,8,52.053627,-7.506903,43.00,9999.999,0.000003216858,4.00
20,07,21,07,24,31,26671.835,7,52.057935,-7.483145,52.75,3.840,0.000001363136,4.00
20,07,21,07,29,31,26971.850,7,52.070725,-7.489843,44.75,4.080,0.000003732408,4.00
20,07,21,07,34,31,27271.850,7,52.057881,-7.519961,42.00,3.970,0.000002113098,4.00
20,07,21,07,39,32,27572.340,10,52.034603,-7.502396,61.50,3.540,0.000005357411,4.00
20,07,21,07,44,33,27873.350,9,52.039405,-7.482827,63.00,3.130,0.000002909178,4.00
20,07,21,07,49,34,28174.350,7,52.050575,-7.453477,51.00,3.145,0.000003013384,4.00
20,07,21,07,54,36,28476.855,6,52.063598,-7.442456,49.50,3.610,0.000001981566,4.00
20,07,21,07,59,46,28786.610,3,0.000000,0.000000,0.00,9999.999,9999.999000000000,4.00
20,07,21,08,04,46,29086.610,0,0.000000,0.000000,0.00,9999.999,9999.999000000000,4.00
20,07,21,08,10,38,29438.390,4,52.063821,-7.443343,49.00,3.855,0.000000120543,4.00
20,07,21,08,15,38,29738.855,1,0.000000,0.000000,0.00,9999.999,9999.999000000000,4.00
20,07,21,08,20,38,30038.855,1,0.000000,0.000000,0.00,9999.999,9999.999000000000,4.00
20,07,21,08,25,38,30338.855,0,0.000000,0.000000,0.00,9999.999,9999.999000000000,4.00
20,07,21,08,30,38,30638.855,1,0.000000,0.000000,0.00,9999.999,9999.999000000000,4.00
20,07,21,08,35,38,30938.855,0,0.000000,0.000000,0.00,9999.999,9999.999000000000,4.00
20,07,21,08,40,38,31238.855,0,0.000000,0.000000,0.00,9999.999,9999.999000000000,4.00
20,07,21,08,45,38,31538.855,1,0.000000,0.000000,0.00,9999.999,9999.999000000000,4.00
20,07,21,08,50,38,31838.855,0,0.000000,0.000000,0.00,9999.999,9999.999000000000,4.00
20,07,21,08,55,38,32138.855,0,0.000000,0.000000,0.00,9999.999,9999.999000000000,3.98
20,07,21,09,00,38,32438.855,1,0.000000,0.000000,0.00,9999.999,9999.999000000000,4.00
20,07,21,09,05,38,32738.855,3,0.000000,0.000000,0.00,9999.999,9999.999000000000,3.98
20,07,21,09,10,38,33038.855,2,0.000000,0.000000,0.00,9999.999,9999.999000000000,3.98
20,07,21,09,15,38,33338.855,0,0.000000,0.000000,0.00,9999.999,9999.999000000000,4.00
20,07,21,09,20,38,33638.855,1,0.000000,0.000000,0.00,9999.999,9999.999000000000,3.98
20,07,21,09,25,38,33938.855,0,0.000000,0.000000,0.00,9999.999,9999.999000000000,3.98
20,07,21,09,30,38,34238.855,0,0.000000,0.000000,0.00,9999.999,9999.999000000000,4.00
20,07,21,09,35,38,34538.855,1,0.000000,0.000000,0.00,9999.999,9999.999000000000,4.00
20,07,21,09,40,38,34838.855,0,0.000000,0.000000,0.00,9999.999,9999.999000000000,3.98
20,07,21,09,45,38,35138.855,1,0.000000,0.000000,0.00,9999.999,9999.999000000000,3.98
20,07,21,09,50,38,35438.855,2,0.000000,0.000000,0.00,9999.999,9999.999000000000,3.98
20,07,21,09,55,38,35738.855,2,0.000000,0.000000,0.00,9999.999,9999.999000000000,3.98
20,07,21,10,01,49,36109.855,0,0.000000,0.000000,0.00,9999.999,9999.999000000000,3.98
20,07,21,10,06,37,36397.915,9,52.070421,-7.439417,46.00,3.775,0.000005262253,3.98
20,07,21,10,13,19,36799.775,0,0.000000,0.000000,0.00,9999.999,9999.999000000000,3.98
20,07,21,10,18,38,37118.455,7,52.086679,-7.424663,57.00,3.645,0.000003168949,3.98
20,07,21,10,24,36,37476.975,9,52.083129,-7.423894,15.75,3.650,0.000002264782,3.98
20,07,21,10,29,38,37778.430,10,52.090702,-7.420564,40.50,3.705,0.000007210698,3.98
20,07,21,10,34,38,38078.925,7,52.099249,-7.399795,53.25,3.705,0.000002981631,3.98
20,07,21,10,39,38,38378.935,9,52.086645,-7.398728,45.25,3.930,0.000002708690,3.98
20,07,21,10,44,38,38678.940,8,52.078250,-7.394957,41.75,4.050,0.000003246117,3.98
20,07,21,10,49,38,38978.930,9,52.067576,-7.389519,47.50,3.995,0.000006757051,3.98
20,07,21,10,54,38,39278.925,7,52.064572,-7.381945,40.75,3.900,0.000004811925,3.98
20,07,21,10,59,39,39579.440,8,52.061593,-7.408455,52.00,3.635,0.000008180282,3.98
20,07,21,11,04,43,39883.455,5,52.060746,-7.433866,56.50,3.315,0.000000584247,3.98
20,07,21,11,09,41,40181.445,8,52.071107,-7.445481,48.75,3.290,0.000003062888,3.98
20,07,21,11,14,43,40483.990,7,52.072316,-7.468811,44.25,3.705,0.000003160928,3.98
20,07,21,11,19,55,40795.705,2,0.000000,0.000000,0.00,9999.999,9999.999000000000,3.98
20,07,21,11,24,55,41095.705,1,0.000000,0.000000,0.00,9999.999,9999.999000000000,3.98
20,07,21,11,29,43,41383.945,8,52.066324,-7.468158,43.50,4.175,0.000005754375,3.98
20,07,21,11,34,44,41684.455,8,52.061725,-7.501429,55.50,3.935,0.000004965415,3.98
20,07,21,11,40,16,42016.935,1,0.000000,0.000000,0.00,9999.999,9999.999000000000,3.98
20,07,21,11,46,18,42378.935,1,0.000000,0.000000,0.00,9999.999,9999.999000000000,3.98
20,07,21,11,51,07,42667.465,9,52.059338,-7.520555,46.50,3.340,0.000003428689,3.98
20,07,21,11,58,08,43088.070,7,52.039895,-7.516074,41.50,9999.999,0.000001042778,3.98
20,07,21,12,03,44,43424.030,5,52.042566,-7.514419,54.25,4.050,0.000000864832,3.98
20,07,21,12,10,36,43836.080,11,52.040941,-7.509755,47.25,4.410,0.000003856603,3.98
20,07,21,12,15,35,44135.980,7,52.041123,-7.507351,46.75,4.210,0.000004236723,3.98
20,07,21,12,20,48,44448.210,3,0.000000,0.000000,0.00,9999.999,9999.999000000000,3.98
20,07,21,12,25,35,44735.980,7,52.049172,-7.500536,54.50,3.880,0.000002078609,3.98
20,07,21,12,30,47,45047.880,3,0.000000,0.000000,0.00,9999.999,9999.999000000000,3.98
20,07,21,12,35,52,45352.050,8,52.048180,-7.495754,41.00,3.850,0.000002620904,3.98
20,07,21,12,41,03,45663.850,3,0.000000,0.000000,0.00,9999.999,9999.999000000000,3.98
20,07,21,12,45,52,45952.020,8,52.041341,-7.514852,55.75,4.020,0.000002546653,3.98
20,07,21,12,50,54,46254.500,6,52.031138,-7.522727,37.75,3.845,0.000002518899,3.98
20,07,21,12,56,12,46572.845,2,0.000000,0.000000,0.00,9999.999,9999.999000000000,3.98
20,07,21,13,01,12,46872.845,0,0.000000,0.000000,0.00,9999.999,9999.999000000000,3.98
20,07,21,13,06,01,47161.005,8,52.043500,-7.510973,54.25,3.665,0.000001860704,3.96
20,07,21,13,11,01,47461.005,9,52.048806,-7.521692,52.00,3.915,0.000002632450,3.98
20,07,21,13,16,06,47766.475,5,52.048918,-7.521016,-24.25,3.865,0.000000629146,3.98
20,07,21,13,21,10,48070.465,4,52.049021,-7.521009,-24.00,3.945,0.000000785652,3.98
20,07,21,13,26,04,48364.015,6,52.049080,-7.521914,46.00,4.280,0.000002123464,3.96
20,07,21,13,31,03,48663.520,7,52.049243,-7.521798,47.25,3.935,0.000002683536,3.96
20,07,21,13,36,15,48975.935,3,0.000000,0.000000,0.00,9999.999,9999.999000000000,3.98
20,07,21,13,41,15,49275.495,4,52.049578,-7.522470,47.00,3.335,0.000000327262,3.98
20,07,21,13,47,38,49658.335,2,0.000000,0.000000,0.00,9999.999,9999.999000000000,3.96
20,07,21,13,52,27,49947.535,7,52.049996,-7.523028,41.50,3.215,0.000002615381,3.98
20,07,21,13,59,29,50369.515,6,52.049514,-7.523230,9.75,3.465,0.000003260561,3.96
20,07,21,14,04,30,50670.465,5,52.049463,-7.522460,120.50,3.615,0.000000775073,3.96
20,07,21,14,09,34,50974.515,5,52.050137,-7.522236,19.75,3.565,0.000000965056,3.96
20,07,21,14,14,39,51279.995,4,52.051712,-7.516080,19.00,9999.999,0.000000468623,3.96
20,07,21,14,19,40,51580.545,5,52.051200,-7.521924,43.75,9999.999,0.000001640689,3.96
20,07,21,14,24,37,51877.655,4,52.052569,-7.522281,43.00,3.600,0.000000126236,3.96
20,07,21,14,29,43,52183.600,2,0.000000,0.000000,0.00,9999.999,9999.999000000000,3.96
20,07,21,14,34,43,52483.520,4,52.052053,-7.522465,43.00,3.605,0.000000732356,3.96
20,07,21,14,39,43,52783.605,3,0.000000,0.000000,0.00,9999.999,9999.999000000000,3.96
20,07,21,14,44,43,53083.215,4,52.049882,-7.525584,43.00,3.370,0.000000541358,3.96
20,07,21,14,49,43,53383.370,2,0.000000,0.000000,0.00,9999.999,9999.999000000000,3.96
20,07,21,14,54,43,53683.370,2,0.000000,0.000000,0.00,9999.999,9999.999000000000,3.96
20,07,21,14,59,43,53983.370,3,0.000000,0.000000,0.00,9999.999,9999.999000000000,3.96
20,07,21,15,04,43,54283.370,3,0.000000,0.000000,0.00,9999.999,9999.999000000000,3.96
20,07,21,15,09,43,54583.470,4,52.053215,-7.521767,43.00,3.225,0.000000837346,3.96
20,07,21,15,14,39,54879.015,4,52.053525,-7.521578,43.00,3.670,0.000000950976,3.96
20,07,21,15,19,43,55183.550,4,52.053480,-7.521171,43.00,4.005,0.000000394938,3.96
20,07,21,15,24,42,55482.995,5,52.053803,-7.520691,76.75,3.940,0.000000443745,3.96
20,07,21,15,29,43,55783.500,4,52.053942,-7.520126,76.00,3.715,0.000001347701,3.96
20,07,21,15,34,36,56076.085,5,52.054245,-7.519839,74.25,3.680,0.000000157894,3.96
20,07,21,15,39,43,56383.500,4,52.054067,-7.519732,74.00,3.775,0.000000871625,3.94
20,07,21,15,44,41,56681.995,5,52.053957,-7.519605,47.00,3.795,0.000000564462,3.96
20,07,21,15,49,38,56978.085,6,52.054673,-7.518910,20.75,4.050,0.000006586084,3.96
20,07,21,15,54,43,57283.480,4,52.054731,-7.517721,20.00,3.910,0.000000107519,3.94
20,07,21,15,59,43,57583.470,4,52.054972,-7.516931,20.00,3.405,0.000000632310,3.94
20,07,21,16,04,43,57883.405,3,0.000000,0.000000,0.00,9999.999,9999.999000000000,3.94
20,07,21,16,09,37,58177.595,5,52.057631,-7.521516,47.25,3.280,0.000000365327,3.94
20,07,21,16,14,44,58484.450,4,52.058347,-7.518130,47.00,3.460,0.000000500677,3.96
20,07,21,16,19,44,58784.530,4,52.057478,-7.520525,47.00,3.580,0.000000615444,3.94
20,07,21,16,24,44,59084.530,4,52.056726,-7.520964,47.00,3.590,0.000000388646,3.94
20,07,21,16,29,44,59384.600,4,52.056929,-7.519442,47.00,3.570,0.000000811722,3.94
20,07,21,16,34,44,59684.490,5,52.056741,-7.520572,56.00,4.035,0.000000558122,3.94
20,07,21,16,39,45,59985.035,3,0.000000,0.000000,0.00,9999.999,9999.999000000000,3.94
20,07,21,16,44,44,60284.555,4,52.056292,-7.519576,47.00,9999.999,0.000000319599,3.94
20,07,21,16,49,45,60585.035,3,0.000000,0.000000,0.00,9999.999,9999.999000000000,3.94
20,07,21,16,54,45,60885.035,2,0.000000,0.000000,0.00,9999.999,9999.999000000000,3.94
20,07,21,16,59,45,61185.035,2,0.000000,0.000000,0.00,9999.999,9999.999000000000,3.94
20,07,21,17,04,45,61485.035,2,0.000000,0.000000,0.00,9999.999,9999.999000000000,3.94
20,07,21,17,09,45,61785.035,3,0.000000,0.000000,0.00,9999.999,9999.999000000000,3.94
20,07,21,17,14,44,62084.695,4,52.054788,-7.519534,47.00,3.625,0.000000209890,3.94
20,07,21,17,19,44,62384.625,1,0.000000,0.000000,0.00,9999.999,9999.999000000000,3.94
20,07,21,17,24,44,62684.625,1,0.000000,0.000000,0.00,9999.999,9999.999000000000,3.94
20,07,21,17,29,33,62973.635,7,52.054219,-7.491586,65.50,3.460,0.000002602956,3.94
20,07,21,17,34,34,63274.640,8,52.046190,-7.449653,49.50,3.555,0.000002698657,3.94
20,07,21,17,41,17,63677.555,2,0.000000,0.000000,0.00,9999.999,9999.999000000000,3.92
20,07,21,17,46,17,63977.555,1,0.000000,0.000000,0.00,9999.999,9999.999000000000,3.94
20,07,21,17,51,06,64266.625,6,52.046666,-7.419148,69.25,3.680,0.000005287708,3.92
20,07,21,17,56,07,64567.150,6,52.055737,-7.383868,59.25,3.950,0.000003275205,3.94
20,07,21,18,01,08,64868.140,6,52.060891,-7.337538,50.75,4.280,0.000003586294,3.92
20,07,21,18,06,07,65167.150,7,52.063252,-7.314402,66.25,4.310,0.000001017990,3.94
20,07,21,18,11,07,65467.150,6,52.063624,-7.268289,52.50,4.165,0.000003391349,3.92
20,07,21,18,16,07,65767.655,7,52.065752,-7.235055,60.25,3.830,0.000001688963,3.94
20,07,21,18,21,18,66078.830,1,0.000000,0.000000,0.00,9999.999,9999.999000000000,3.92
20,07,21,18,26,07,66367.660,6,52.062529,-7.215452,64.75,3.490,0.000002221018,3.92
20,07,21,18,31,33,66693.720,4,52.062069,-7.213403,64.00,3.520,0.000001311024,3.92
20,07,21,18,36,26,66986.680,5,52.058028,-7.200019,109.25,3.715,0.000000236982,3.92
20,07,21,18,41,33,67293.235,6,52.057413,-7.197368,52.50,4.055,0.000001496041,3.92
20,07,21,18,46,32,67592.165,7,52.057254,-7.191966,48.25,4.370,0.000001501619,3.94
20,07,21,18,51,32,67892.170,7,52.055064,-7.178140,50.50,4.325,0.000003489737,3.92
20,07,21,18,56,54,68214.715,6,52.054759,-7.176571,64.00,3.920,0.000005197241,3.92
20,07,21,19,01,56,68516.680,6,52.053916,-7.174268,87.50,3.495,0.000003725162,3.92
20,07,21,19,06,57,68817.175,7,52.053645,-7.168065,60.25,3.715,0.000004364555,3.92
20,07,21,19,11,57,69117.205,8,52.050003,-7.129078,52.75,4.300,0.000002262742,3.94
20,07,21,19,16,57,69417.180,9,52.047320,-7.087877,56.75,4.485,0.000004203835,3.92
20,07,21,19,21,57,69717.185,9,52.035561,-7.063919,56.75,4.275,0.000006277626,3.92
20,07,21,19,26,57,70017.185,11,52.020395,-7.050615,65.50,4.080,0.000005380436,3.92
20,07,21,19,31,57,70317.180,7,52.021915,-7.008772,70.50,4.085,0.000003732392,3.92
20,07,21,19,36,57,70617.175,10,52.016815,-6.971293,59.75,4.180,0.000002432654,3.92
20,07,21,19,41,57,70917.190,7,52.022890,-6.931853,71.75,4.230,0.000006552426,3.92
20,07,21,19,46,57,71217.180,6,52.032204,-6.894961,44.25,4.210,0.000000561516,3.92
20,07,21,19,51,57,71517.190,7,52.048512,-6.860814,45.25,4.175,0.000002284555,3.92
20,07,21,19,56,57,71817.685,6,52.061721,-6.828301,71.00,3.920,0.000001406393,3.92
20,07,21,20,02,06,72126.530,5,52.061359,-6.828068,146.50,3.980,0.000000133658,3.92
20,07,21,20,07,08,72428.000,5,52.061425,-6.828582,124.50,4.295,0.000000578247,3.92
20,07,21,20,12,11,72731.295,1,0.000000,0.000000,0.00,9999.999,9999.999000000000,3.92
20,07,21,20,16,59,73019.205,7,52.072635,-6.802036,72.25,4.260,0.000002713869,3.92
20,07,21,20,22,00,73320.680,5,52.079170,-6.785075,21.25,3.925,0.000000112343,3.92
20,07,21,20,27,00,73620.195,6,52.079131,-6.782131,25.25,3.770,0.000001509411,3.92
20,07,21,20,32,31,73951.230,8,52.078817,-6.781642,60.75,4.135,0.000004378319,3.94
20,07,21,20,38,09,74289.135,2,0.000000,0.000000,0.00,9999.999,9999.999000000000,3.92
20,07,21,20,42,57,74577.205,8,52.086596,-6.773494,31.50,4.400,0.000001667547,3.92
20,07,21,20,47,57,74877.220,6,52.100933,-6.736769,45.25,4.345,0.000002290531,3.92
20,07,21,20,53,00,75180.725,5,52.115664,-6.720959,17.75,3.945,0.000000688978,3.92
20,07,21,20,57,58,75478.725,7,52.116050,-6.721193,33.75,3.525,0.000002256484,3.92
20,07,21,21,03,00,75780.735,6,52.116430,-6.721442,27.00,3.520,0.000000598653,3.92
20,07,21,21,08,07,76087.700,5,52.116756,-6.722347,66.25,3.715,0.000000294513,3.92
20,07,21,21,13,04,76384.315,4,52.116033,-6.722126,66.00,4.105,0.000002075430,3.92
20,07,21,21,18,11,76691.655,4,52.117501,-6.723075,66.00,9999.999,0.000000212105,3.92
20,07,21,21,23,11,76991.515,5,52.116975,-6.722345,54.25,4.085,0.000000124582,3.92
20,07,21,21,28,12,77292.085,3,0.000000,0.000000,0.00,9999.999,9999.999000000000,3.92
20,07,21,21,33,12,77592.085,2,0.000000,0.000000,0.00,9999.999,9999.999000000000,3.92
20,07,21,21,38,11,77891.485,4,52.117982,-6.723203,54.00,3.990,0.000000153642,3.92
20,07,21,21,43,11,78191.530,4,52.118534,-6.723199,54.00,3.460,0.000000772885,3.92
20,07,21,21,48,11,78491.520,4,52.118161,-6.724170,54.00,3.260,0.000000520618,3.92
20,07,21,21,53,11,78791.510,4,52.118771,-6.724368,54.00,3.415,0.000000328530,3.92
20,07,21,21,58,11,79091.415,3,0.000000,0.000000,0.00,9999.999,9999.999000000000,3.92
20,07,21,22,03,11,79391.645,4,52.118699,-6.723806,54.00,3.655,0.000000082518,3.90
20,07,21,22,08,11,79691.655,2,0.000000,0.000000,0.00,9999.999,9999.999000000000,3.92
20,07,21,22,13,11,79991.655,3,0.000000,0.000000,0.00,9999.999,9999.999000000000,3.90
20,07,21,22,18,11,80291.655,1,0.000000,0.000000,0.00,9999.999,9999.999000000000,3.90
20,07,21,22,23,11,80591.655,1,0.000000,0.000000,0.00,9999.999,9999.999000000000,3.90
20,07,21,22,28,11,80891.655,0,0.000000,0.000000,0.00,9999.999,9999.999000000000,3.90
20,07,21,22,33,11,81191.655,2,0.000000,0.000000,0.00,9999.999,9999.999000000000,3.90
20,07,21,22,38,11,81491.655,2,0.000000,0.000000,0.00,9999.999,9999.999000000000,3.92
20,07,21,22,43,11,81791.655,2,0.000000,0.000000,0.00,9999.999,9999.999000000000,3.90
20,07,21,22,48,00,82080.795,7,52.132345,-6.714702,51.00,3.840,0.000003912389,3.92
20,07,21,22,53,12,82392.840,1,0.000000,0.000000,0.00,9999.999,9999.999000000000,3.90
20,07,21,22,58,12,82692.840,0,0.000000,0.000000,0.00,9999.999,9999.999000000000,3.92
20,07,21,23,03,12,82992.840,0,0.000000,0.000000,0.00,9999.999,9999.999000000000,3.90
20,07,21,23,08,12,83292.840,0,0.000000,0.000000,0.00,9999.999,9999.999000000000,3.90
20,07,21,23,13,12,83592.840,0,0.000000,0.000000,0.00,9999.999,9999.999000000000,3.90
20,07,21,23,18,12,83892.840,0,0.000000,0.000000,0.00,9999.999,9999.999000000000,3.90
20,07,21,23,23,12,84192.840,0,0.000000,0.000000,0.00,9999.999,9999.999000000000,3.92
20,07,21,23,28,12,84492.840,0,0.000000,0.000000,0.00,9999.999,9999.999000000000,3.90
20,07,21,23,33,12,84792.840,0,0.000000,0.000000,0.00,9999.999,9999.999000000000,3.90
20,07,21,23,38,12,85092.840,0,0.000000,0.000000,0.00,9999.999,9999.999000000000,3.90
20,07,21,23,43,12,85392.840,0,0.000000,0.000000,0.00,9999.999,9999.999000000000,3.90
20,07,21,23,48,12,85692.840,0,0.000000,0.000000,0.00,9999.999,9999.999000000000,3.90
20,07,21,23,53,12,85992.840,0,0.000000,0.000000,0.00,9999.999,9999.999000000000,3.90
20,07,21,23,58,12,86292.840,0,0.000000,0.000000,0.00,9999.999,9999.999000000000,3.90
21,07,21,00,03,12,192.840,0,0.000000,0.000000,0.00,9999.999,9999.999000000000,3.90
21,07,21,00,08,12,492.840,0,0.000000,0.000000,0.00,9999.999,9999.999000000000,3.90
21,07,21,00,13,12,792.840,0,0.000000,0.000000,0.00,9999.999,9999.999000000000,3.90
21,07,21,00,18,12,1092.840,0,0.000000,0.000000,0.00,9999.999,9999.999000000000,3.90
21,07,21,00,23,12,1392.840,0,0.000000,0.000000,0.00,9999.999,9999.999000000000,3.90
21,07,21,00,28,12,1692.840,0,0.000000,0.000000,0.00,9999.999,9999.999000000000,3.90
21,07,21,00,33,12,1992.840,0,0.000000,0.000000,0.00,9999.999,9999.999000000000,3.90
21,07,21,00,38,12,2292.840,0,0.000000,0.000000,0.00,9999.999,9999.999000000000,3.90
21,07,21,00,43,12,2592.840,0,0.000000,0.000000,0.00,9999.999,9999.999000000000,3.90
21,07,21,00,48,12,2892.840,0,0.000000,0.000000,0.00,9999.999,9999.999000000000,3.90
21,07,21,00,53,12,3192.840,0,0.000000,0.000000,0.00,9999.999,9999.999000000000,3.90
21,07,21,00,58,12,3492.840,0,0.000000,0.000000,0.00,9999.999,9999.999000000000,3.90
21,07,21,01,03,12,3792.840,0,0.000000,0.000000,0.00,9999.999,9999.999000000000,3.90
21,07,21,01,08,12,4092.840,0,0.000000,0.000000,0.00,9999.999,9999.999000000000,3.90
21,07,21,01,13,12,4392.840,0,0.000000,0.000000,0.00,9999.999,9999.999000000000,3.90
21,07,21,01,18,12,4692.840,0,0.000000,0.000000,0.00,9999.999,9999.999000000000,3.90
21,07,21,01,23,12,4992.840,0,0.000000,0.000000,0.00,9999.999,9999.999000000000,3.88
21,07,21,01,28,12,5292.840,0,0.000000,0.000000,0.00,9999.999,9999.999000000000,3.88
21,07,21,01,33,12,5592.840,0,0.000000,0.000000,0.00,9999.999,9999.999000000000,3.88
21,07,21,01,38,01,5881.870,9,52.141717,-6.708994,51.75,3.925,0.000006641722,3.90
21,07,21,01,43,03,6183.375,8,52.141125,-6.662948,44.25,4.165,0.000003750499,3.90
21,07,21,01,48,03,6483.385,7,52.137378,-6.624137,50.00,4.500,0.000002909902,3.88
21,07,21,01,53,02,6782.900,7,52.136510,-6.622107,25.75,4.310,0.000001006860,3.90
21,07,21,01,58,03,7083.880,8,52.142716,-6.595298,50.00,3.795,0.000007275023,3.88
21,07,21,02,03,04,7384.435,7,52.140602,-6.589158,-27.75,9999.999,0.000003593644,3.88
21,07,21,02,08,05,7685.375,9,52.136321,-6.592909,69.25,4.405,0.000002695874,3.88
21,07,21,02,13,16,7996.405,0,0.000000,0.000000,0.00,9999.999,9999.999000000000,3.88
21,07,21,02,18,16,8296.405,0,0.000000,0.000000,0.00,9999.999,9999.999000000000,3.90
21,07,21,02,23,16,8596.405,0,0.000000,0.000000,0.00,9999.999,9999.999000000000,3.88
21,07,21,02,28,16,8896.405,0,0.000000,0.000000,0.00,9999.999,9999.999000000000,3.88
21,07,21,02,33,16,9196.405,0,0.000000,0.000000,0.00,9999.999,9999.999000000000,3.88
21,07,21,02,38,16,9496.405,0,0.000000,0.000000,0.00,9999.999,9999.999000000000,3.88
21,07,21,02,43,16,9796.405,0,0.000000,0.000000,0.00,9999.999,9999.999000000000,3.88
21,07,21,02,48,16,10096.405,1,0.000000,0.000000,0.00,9999.999,9999.999000000000,3.88
21,07,21,02,53,08,10388.925,5,52.118203,-6.550522,75.25,9999.999,0.000000197476,3.88
21,07,21,02,58,17,10697.405,2,0.000000,0.000000,0.00,9999.999,9999.999000000000,3.90
21,07,21,03,03,16,10996.505,4,52.119576,-6.544836,75.00,3.715,0.000001307305,3.90
21,07,21,03,08,16,11296.715,2,0.000000,0.000000,0.00,9999.999,9999.999000000000,3.88
21,07,21,03,13,16,11596.715,1,0.000000,0.000000,0.00,9999.999,9999.999000000000,3.88
21,07,21,03,18,16,11896.715,0,0.000000,0.000000,0.00,9999.999,9999.999000000000,3.88
21,07,21,03,23,16,12196.715,1,0.000000,0.000000,0.00,9999.999,9999.999000000000,3.88
21,07,21,03,28,16,12496.715,1,0.000000,0.000000,0.00,9999.999,9999.999000000000,3.88
21,07,21,03,33,16,12796.715,1,0.000000,0.000000,0.00,9999.999,9999.999000000000,3.88
21,07,21,03,38,16,13096.715,2,0.000000,0.000000,0.00,9999.999,9999.999000000000,3.88
21,07,21,03,43,16,13396.715,1,0.000000,0.000000,0.00,9999.999,9999.999000000000,3.88
21,07,21,03,48,16,13696.715,1,0.000000,0.000000,0.00,9999.999,9999.999000000000,3.88
21,07,21,03,53,16,13996.715,3,0.000000,0.000000,0.00,9999.999,9999.999000000000,3.88
21,07,21,03,58,16,14296.715,2,0.000000,0.000000,0.00,9999.999,9999.999000000000,3.88
21,07,21,04,03,16,14596.715,1,0.000000,0.000000,0.00,9999.999,9999.999000000000,3.88
21,07,21,04,08,16,14896.715,2,0.000000,0.000000,0.00,9999.999,9999.999000000000,3.88
21,07,21,04,13,16,15196.715,3,0.000000,0.000000,0.00,9999.999,9999.999000000000,3.88
21,07,21,04,18,16,15496.715,3,0.000000,0.000000,0.00,9999.999,9999.999000000000,3.88
21,07,21,04,23,14,15794.335,4,52.156012,-6.377481,75.00,2.075,0.000003774030,3.88
21,07,21,04,28,15,16095.075,1,0.000000,0.000000,0.00,9999.999,9999.999000000000,3.88
21,07,21,04,33,15,16395.075,3,0.000000,0.000000,0.00,9999.999,9999.999000000000,3.88
21,07,21,04,38,16,16696.075,2,0.000000,0.000000,0.00,9999.999,9999.999000000000,3.88
21,07,21,04,43,16,16996.075,0,0.000000,0.000000,0.00,9999.999,9999.999000000000,3.88
21,07,21,04,48,06,17286.955,6,52.122054,-6.438715,54.50,9999.999,0.000001838347,3.88
21,07,21,04,53,34,17614.535,6,52.107669,-6.399913,45.75,4.245,0.000002814795,3.88
21,07,21,04,58,45,17925.245,1,0.000000,0.000000,0.00,9999.999,9999.999000000000,3.88
21,07,21,05,03,45,18225.245,0,0.000000,0.000000,0.00,9999.999,9999.999000000000,3.86
21,07,21,05,08,47,18527.245,1,0.000000,0.000000,0.00,9999.999,9999.999000000000,3.88
21,07,21,05,14,33,18873.245,1,0.000000,0.000000,0.00,9999.999,9999.999000000000,3.88
21,07,21,05,19,33,19173.245,1,0.000000,0.000000,0.00,9999.999,9999.999000000000,3.88
21,07,21,05,24,33,19473.245,1,0.000000,0.000000,0.00,9999.999,9999.999000000000,3.86
21,07,21,05,29,33,19773.245,2,0.000000,0.000000,0.00,9999.999,9999.999000000000,3.88
21,07,21,05,34,33,20073.245,1,0.000000,0.000000,0.00,9999.999,9999.999000000000,3.88
21,07,21,05,39,33,20373.245,1,0.000000,0.000000,0.00,9999.999,9999.999000000000,3.88
21,07,21,05,44,33,20673.245,2,0.000000,0.000000,0.00,9999.999,9999.999000000000,3.88
21,07,21,05,49,33,20973.245,2,0.000000,0.000000,0.00,9999.999,9999.999000000000,3.88
21,07,21,05,54,33,21273.245,0,0.000000,0.000000,0.00,9999.999,9999.999000000000,3.88
21,07,21,05,59,33,21573.245,2,0.000000,0.000000,0.00,9999.999,9999.999000000000,3.86
21,07,21,06,04,33,21873.245,2,0.000000,0.000000,0.00,9999.999,9999.999000000000,3.88
21,07,21,06,09,33,22173.245,2,0.000000,0.000000,0.00,9999.999,9999.999000000000,3.88
21,07,21,06,14,49,22489.245,1,0.000000,0.000000,0.00,9999.999,9999.999000000000,3.86
21,07,21,06,19,53,22793.245,2,0.000000,0.000000,0.00,9999.999,9999.999000000000,3.88
21,07,21,06,25,18,23118.245,1,0.000000,0.000000,0.00,9999.999,9999.999000000000,3.86
21,07,21,06,30,18,23418.245,0,0.000000,0.000000,0.00,9999.999,9999.999000000000,3.86
21,07,21,06,35,18,23718.245,1,0.000000,0.000000,0.00,9999.999,9999.999000000000,3.86
21,07,21,06,40,18,24018.245,0,0.000000,0.000000,0.00,9999.999,9999.999000000000,3.88
21,07,21,06,45,18,24318.245,2,0.000000,0.000000,0.00,9999.999,9999.999000000000,3.86
21,07,21,06,50,18,24618.245,1,0.000000,0.000000,0.00,9999.999,9999.999000000000,3.86
21,07,21,06,55,33,24933.245,0,0.000000,0.000000,0.00,9999.999,9999.999000000000,3.86
21,07,21,07,01,16,25276.615,7,52.099748,-6.362046,18.25,9999.999,0.000004941041,3.88
21,07,21,07,06,40,25600.055,5,52.100113,-6.361446,31.50,4.335,0.000001141434,3.88
21,07,21,07,11,49,25909.335,1,0.000000,0.000000,0.00,9999.999,9999.999000000000,3.88
21,07,21,07,16,49,26209.335,0,0.000000,0.000000,0.00,9999.999,9999.999000000000,3.88
21,07,21,07,21,49,26509.335,2,0.000000,0.000000,0.00,9999.999,9999.999000000000,3.86
21,07,21,07,26,49,26809.335,3,0.000000,0.000000,0.00,9999.999,9999.999000000000,3.88
21,07,21,07,31,50,27110.335,3,0.000000,0.000000,0.00,9999.999,9999.999000000000,3.86
21,07,21,07,36,40,27400.055,7,52.100310,-6.358476,47.25,4.100,0.000002014584,3.86
21,07,21,07,41,51,27711.100,0,0.000000,0.000000,0.00,9999.999,9999.999000000000,3.86
21,07,21,07,47,33,28053.100,0,0.000000,0.000000,0.00,9999.999,9999.999000000000,3.86
21,07,21,07,52,33,28353.100,3,0.000000,0.000000,0.00,9999.999,9999.999000000000,3.86
21,07,21,07,57,22,28642.560,7,52.100464,-6.355686,43.25,4.190,0.000003546443,3.86
21,07,21,08,02,33,28953.190,0,0.000000,0.000000,0.00,9999.999,9999.999000000000,3.86
21,07,21,08,08,31,29311.680,9,52.101720,-6.356887,58.00,4.665,0.000004097575,3.86
21,07,21,08,13,45,29625.665,0,0.000000,0.000000,0.00,9999.999,9999.999000000000,3.86
21,07,21,08,18,45,29925.665,1,0.000000,0.000000,0.00,9999.999,9999.999000000000,3.86
21,07,21,08,23,45,30225.665,0,0.000000,0.000000,0.00,9999.999,9999.999000000000,3.86
21,07,21,08,28,45,30525.665,0,0.000000,0.000000,0.00,9999.999,9999.999000000000,3.86
21,07,21,08,33,45,30825.665,0,0.000000,0.000000,0.00,9999.999,9999.999000000000,3.86
21,07,21,08,38,45,31125.665,0,0.000000,0.000000,0.00,9999.999,9999.999000000000,3.86
21,07,21,08,43,54,31434.665,3,0.000000,0.000000,0.00,9999.999,9999.999000000000,3.86
21,07,21,08,48,54,31734.665,0,0.000000,0.000000,0.00,9999.999,9999.999000000000,3.86
21,07,21,08,53,54,32034.665,0,0.000000,0.000000,0.00,9999.999,9999.999000000000,3.86
21,07,21,08,58,54,32334.665,1,0.000000,0.000000,0.00,9999.999,9999.999000000000,3.86
21,07,21,09,03,54,32634.665,0,0.000000,0.000000,0.00,9999.999,9999.999000000000,3.86
21,07,21,09,08,54,32934.665,0,0.000000,0.000000,0.00,9999.999,9999.999000000000,3.86
21,07,21,09,15,30,33330.665,0,0.000000,0.000000,0.00,9999.999,9999.999000000000,3.86
21,07,21,09,21,30,33690.665,3,0.000000,0.000000,0.00,9999.999,9999.999000000000,3.86
21,07,21,09,26,30,33990.665,1,0.000000,0.000000,0.00,9999.999,9999.999000000000,3.86
21,07,21,09,32,05,34325.665,0,0.000000,0.000000,0.00,9999.999,9999.999000000000,3.86
21,07,21,09,37,05,34625.665,0,0.000000,0.000000,0.00,9999.999,9999.999000000000,3.86
21,07,21,09,42,05,34925.665,2,0.000000,0.000000,0.00,9999.999,9999.999000000000,3.86
21,07,21,09,47,05,35225.665,0,0.000000,0.000000,0.00,9999.999,9999.999000000000,3.86
21,07,21,09,52,05,35525.665,0,0.000000,0.000000,0.00,9999.999,9999.999000000000,3.86
21,07,21,09,57,05,35825.665,0,0.000000,0.000000,0.00,9999.999,9999.999000000000,3.83
21,07,21,10,02,05,36125.665,1,0.000000,0.000000,0.00,9999.999,9999.999000000000,3.86
21,07,21,10,07,05,36425.665,1,0.000000,0.000000,0.00,9999.999,9999.999000000000,3.86
21,07,21,10,12,05,36725.665,0,0.000000,0.000000,0.00,9999.999,9999.999000000000,3.86
21,07,21,10,17,05,37025.665,0,0.000000,0.000000,0.00,9999.999,9999.999000000000,3.86
21,07,21,10,22,05,37325.665,1,0.000000,0.000000,0.00,9999.999,9999.999000000000,3.86
21,07,21,10,27,05,37625.665,0,0.000000,0.000000,0.00,9999.999,9999.999000000000,3.83
21,07,21,10,32,05,37925.665,1,0.000000,0.000000,0.00,9999.999,9999.999000000000,3.83
21,07,21,10,37,05,38225.665,0,0.000000,0.000000,0.00,9999.999,9999.999000000000,3.86
21,07,21,10,42,35,38555.665,0,0.000000,0.000000,0.00,9999.999,9999.999000000000,3.83
21,07,21,10,47,35,38855.665,0,0.000000,0.000000,0.00,9999.999,9999.999000000000,3.83
21,07,21,10,52,35,39155.665,2,0.000000,0.000000,0.00,9999.999,9999.999000000000,3.86
21,07,21,10,57,32,39452.955,6,52.053174,-6.459097,-21.25,5.055,0.000003113157,3.83
21,07,21,11,02,36,39756.055,1,0.000000,0.000000,0.00,9999.999,9999.999000000000,3.86
21,07,21,11,07,36,40056.055,2,0.000000,0.000000,0.00,9999.999,9999.999000000000,3.86
21,07,21,11,12,36,40356.055,1,0.000000,0.000000,0.00,9999.999,9999.999000000000,3.86
21,07,21,11,17,33,40653.665,5,52.049459,-6.476245,28.75,5.005,0.000000188103,3.83
21,07,21,11,22,24,40944.165,8,52.038079,-6.490352,38.75,4.390,0.000005334732,3.86
21,07,21,11,27,36,41256.390,0,0.000000,0.000000,0.00,9999.999,9999.999000000000,3.83
21,07,21,11,32,33,41553.670,5,52.035645,-6.494780,42.25,9999.999,0.000000445299,3.83
21,07,21,11,37,24,41844.690,6,52.036742,-6.521440,35.75,4.680,0.000001205023,3.83
21,07,21,11,42,36,42156.680,0,0.000000,0.000000,0.00,9999.999,9999.999000000000,3.83
21,07,21,11,48,14,42494.680,2,0.000000,0.000000,0.00,9999.999,9999.999000000000,3.83
21,07,21,11,53,14,42794.680,2,0.000000,0.000000,0.00,9999.999,9999.999000000000,3.83
21,07,21,11,58,03,43083.190,8,52.000414,-6.560367,46.75,4.585,0.000002448801,3.83
21,07,21,12,03,15,43395.585,2,0.000000,0.000000,0.00,9999.999,9999.999000000000,3.83
21,07,21,12,08,15,43695.585,2,0.000000,0.000000,0.00,9999.999,9999.999000000000,3.86
21,07,21,12,13,15,43995.585,1,0.000000,0.000000,0.00,9999.999,9999.999000000000,3.86
21,07,21,12,18,15,44295.585,3,0.000000,0.000000,0.00,9999.999,9999.999000000000,3.83
21,07,21,12,23,15,44595.585,2,0.000000,0.000000,0.00,9999.999,9999.999000000000,3.83
21,07,21,12,30,07,45007.295,5,51.969483,-6.606835,17.00,4.195,0.000000778834,3.86
21,07,21,12,35,16,45316.195,2,0.000000,0.000000,0.00,9999.999,9999.999000000000,3.83
21,07,21,12,40,05,45605.205,7,51.968406,-6.612355,44.00,4.055,0.000001309657,3.83
21,07,21,12,45,06,45906.715,6,51.967822,-6.614990,40.50,4.390,0.000001728170,3.83
21,07,21,12,50,05,46205.720,7,51.967280,-6.617523,42.25,4.885,0.000000913501,3.86
21,07,21,12,55,16,46516.985,4,51.966814,-6.620493,42.00,4.600,0.000000029383,3.83
21,07,21,13,00,17,46817.600,3,0.000000,0.000000,0.00,9999.999,9999.999000000000,3.86
21,07,21,13,05,17,47117.600,3,0.000000,0.000000,0.00,9999.999,9999.999000000000,3.83
21,07,21,13,10,17,47417.600,3,0.000000,0.000000,0.00,9999.999,9999.999000000000,3.83
21,07,21,13,15,17,47717.600,2,0.000000,0.000000,0.00,9999.999,9999.999000000000,3.83
21,07,21,13,20,17,48017.600,2,0.000000,0.000000,0.00,9999.999,9999.999000000000,3.83
21,07,21,13,25,14,48314.510,4,51.965787,-6.634934,42.00,4.105,0.000000813468,3.83
21,07,21,13,30,15,48615.495,6,51.960673,-6.634240,65.50,4.255,0.000001756082,3.83
21,07,21,13,35,05,48905.735,8,51.960882,-6.631802,54.00,4.690,0.000002788659,3.83
21,07,21,13,40,06,49206.240,7,51.960803,-6.639854,50.00,4.705,0.000001625190,3.83
21,07,21,13,46,03,49563.785,7,51.951937,-6.638693,56.25,4.520,0.000003864362,3.83
21,07,21,13,51,15,49875.520,1,0.000000,0.000000,0.00,9999.999,9999.999000000000,3.83
21,07,21,13,56,15,50175.520,2,0.000000,0.000000,0.00,9999.999,9999.999000000000,3.83
21,07,21,14,01,15,50475.520,1,0.000000,0.000000,0.00,9999.999,9999.999000000000,3.83
21,07,21,14,06,15,50775.520,2,0.000000,0.000000,0.00,9999.999,9999.999000000000,3.83
21,07,21,14,11,03,51063.750,9,51.966987,-6.635708,55.25,4.675,0.000003379069,3.83
21,07,21,14,16,04,51364.255,7,51.972013,-6.621059,47.00,4.580,0.000004506551,3.86
21,07,21,14,21,05,51665.270,8,51.982240,-6.615817,28.50,4.215,0.000004056435,3.83
21,07,21,14,26,17,51977.215,2,0.000000,0.000000,0.00,9999.999,9999.999000000000,3.83
21,07,21,14,31,16,52276.885,4,51.983742,-6.616975,28.00,3.895,0.000000159317,3.83
21,07,21,14,36,36,52596.895,3,0.000000,0.000000,0.00,9999.999,9999.999000000000,3.83
21,07,21,14,41,36,52896.685,4,51.984422,-6.618701,28.00,3.625,0.000000424127,3.83
21,07,21,14,46,25,53185.775,7,51.984718,-6.613718,47.75,9999.999,0.000002088238,3.83
21,07,21,14,52,10,53530.025,4,51.978430,-6.631739,47.00,9999.999,0.000000748011,3.83
21,07,21,14,57,10,53830.625,2,0.000000,0.000000,0.00,9999.999,9999.999000000000,3.83
21,07,21,15,02,10,54130.625,3,0.000000,0.000000,0.00,9999.999,9999.999000000000,3.83
21,07,21,15,07,10,54430.625,3,0.000000,0.000000,0.00,9999.999,9999.999000000000,3.81
21,07,21,15,12,10,54730.625,2,0.000000,0.000000,0.00,9999.999,9999.999000000000,3.83
21,07,21,15,17,10,55030.625,2,0.000000,0.000000,0.00,9999.999,9999.999000000000,3.83
21,07,21,15,22,10,55330.625,2,0.000000,0.000000,0.00,9999.999,9999.999000000000,3.83
21,07,21,15,27,12,55632.625,1,0.000000,0.000000,0.00,9999.999,9999.999000000000,3.83
21,07,21,15,32,12,55932.625,1,0.000000,0.000000,0.00,9999.999,9999.999000000000,3.83
21,07,21,15,37,12,56232.625,1,0.000000,0.000000,0.00,9999.999,9999.999000000000,3.83
21,07,21,15,42,12,56532.625,2,0.000000,0.000000,0.00,9999.999,9999.999000000000,3.83
21,07,21,15,47,12,56832.625,3,0.000000,0.000000,0.00,9999.999,9999.999000000000,3.81
21,07,21,15,52,13,57133.005,5,52.007193,-6.603195,43.75,9999.999,0.000000856389,3.83
21,07,21,15,57,59,57479.025,4,52.010328,-6.601911,47.00,4.515,0.000000438381,3.83
21,07,21,16,02,59,57779.515,2,0.000000,0.000000,0.00,9999.999,9999.999000000000,3.83
21,07,21,16,07,59,58079.515,2,0.000000,0.000000,0.00,9999.999,9999.999000000000,3.83
21,07,21,16,12,47,58367.805,9,52.016650,-6.600549,78.50,4.860,0.000004910525,3.83
21,07,21,16,18,15,58695.860,3,0.000000,0.000000,0.00,9999.999,9999.999000000000,3.83
21,07,21,16,23,15,58995.860,0,0.000000,0.000000,0.00,9999.999,9999.999000000000,3.83
21,07,21,16,28,15,59295.860,1,0.000000,0.000000,0.00,9999.999,9999.999000000000,3.83
21,07,21,16,34,18,59658.400,6,52.013955,-6.584523,71.00,4.775,0.000004904294,3.83
21,07,21,16,40,22,60022.775,3,0.000000,0.000000,0.00,9999.999,9999.999000000000,3.83
21,07,21,16,45,22,60322.775,1,0.000000,0.000000,0.00,9999.999,9999.999000000000,3.83
21,07,21,16,50,22,60622.775,0,0.000000,0.000000,0.00,9999.999,9999.999000000000,3.83
21,07,21,16,55,22,60922.775,1,0.000000,0.000000,0.00,9999.999,9999.999000000000,3.83
21,07,21,17,00,46,61246.775,3,0.000000,0.000000,0.00,9999.999,9999.999000000000,3.83
21,07,21,17,05,34,61534.825,7,52.016930,-6.556362,66.00,4.570,0.000002033808,3.83
21,07,21,17,10,46,61846.570,1,0.000000,0.000000,0.00,9999.999,9999.999000000000,3.83
21,07,21,17,15,46,62146.570,0,0.000000,0.000000,0.00,9999.999,9999.999000000000,3.81
21,07,21,17,20,46,62446.570,1,0.000000,0.000000,0.00,9999.999,9999.999000000000,3.81
21,07,21,17,25,46,62746.570,1,0.000000,0.000000,0.00,9999.999,9999.999000000000,3.83
21,07,21,17,30,55,63055.010,4,52.030170,-6.538830,66.00,4.315,0.000001054899,3.81
21,07,21,17,35,46,63346.365,5,52.032763,-6.537125,20.00,4.060,0.000001090373,3.83
21,07,21,17,41,11,63671.060,1,0.000000,0.000000,0.00,9999.999,9999.999000000000,3.83
21,07,21,17,46,11,63971.060,1,0.000000,0.000000,0.00,9999.999,9999.999000000000,3.81
21,07,21,17,51,11,64271.060,2,0.000000,0.000000,0.00,9999.999,9999.999000000000,3.81
21,07,21,17,56,11,64571.060,2,0.000000,0.000000,0.00,9999.999,9999.999000000000,3.83
21,07,21,18,01,08,64868.510,5,52.046150,-6.515992,53.50,4.310,0.000000248731,3.81
21,07,21,18,05,59,65159.860,7,52.051829,-6.511305,65.00,4.810,0.000002982962,3.81
21,07,21,18,11,11,65471.810,1,0.000000,0.000000,0.00,9999.999,9999.999000000000,3.83
21,07,21,18,16,11,65771.810,3,0.000000,0.000000,0.00,9999.999,9999.999000000000,3.81
21,07,21,18,21,11,66071.810,1,0.000000,0.000000,0.00,9999.999,9999.999000000000,3.81
21,07,21,18,26,11,66371.810,0,0.000000,0.000000,0.00,9999.999,9999.999000000000,3.81
21,07,21,18,31,11,66671.810,1,0.000000,0.000000,0.00,9999.999,9999.999000000000,3.81
21,07,21,18,37,21,67041.810,2,0.000000,0.000000,0.00,9999.999,9999.999000000000,3.81
21,07,21,18,42,21,67341.810,2,0.000000,0.000000,0.00,9999.999,9999.999000000000,3.83
21,07,21,18,47,09,67629.890,9,52.072597,-6.499279,70.50,5.125,0.000005193518,3.83
21,07,21,18,52,18,67938.835,4,52.079138,-6.498582,70.00,5.020,0.000000426549,3.81
21,07,21,18,57,21,68241.400,6,52.079619,-6.495048,42.25,4.565,0.000004693496,3.81
21,07,21,19,02,21,68541.375,4,52.080587,-6.492374,42.00,4.160,0.000000459014,3.83
21,07,21,19,07,21,68841.450,5,52.082197,-6.489902,64.75,4.210,0.000008382742,3.83
21,07,21,19,12,15,69135.390,5,52.082314,-6.487804,62.00,4.445,0.000000400089,3.81
21,07,21,19,17,23,69443.445,0,0.000000,0.000000,0.00,9999.999,9999.999000000000,3.81
21,07,21,19,22,23,69743.445,1,0.000000,0.000000,0.00,9999.999,9999.999000000000,3.81
21,07,21,19,27,12,70032.405,10,52.102543,-6.475603,62.00,4.515,0.000004139792,3.83
21,07,21,19,32,12,70332.895,6,52.102079,-6.472678,69.75,4.685,0.000002330835,3.83
21,07,21,19,37,13,70633.895,7,52.102218,-6.471467,84.25,4.980,0.000003380159,3.81
21,07,21,19,42,14,70934.420,5,52.102409,-6.470293,68.50,4.805,0.000000191318,3.81
21,07,21,19,47,13,71233.905,7,52.102397,-6.469631,48.50,4.575,0.000007885715,3.81
21,07,21,19,52,17,71537.415,5,52.102104,-6.468559,59.75,4.545,0.000000489658,3.81
21,07,21,19,57,16,71836.405,5,52.102021,-6.467844,48.75,4.395,0.000000436880,3.81
21,07,21,20,02,15,72135.905,8,52.109945,-6.459666,66.50,4.580,0.000003856856,3.81
21,07,21,20,07,27,72447.580,1,0.000000,0.000000,0.00,9999.999,9999.999000000000,3.83
21,07,21,20,12,27,72747.580,0,0.000000,0.000000,0.00,9999.999,9999.999000000000,3.83
21,07,21,20,17,27,73047.580,0,0.000000,0.000000,0.00,9999.999,9999.999000000000,3.81
21,07,21,20,22,27,73347.580,3,0.000000,0.000000,0.00,9999.999,9999.999000000000,3.81
21,07,21,20,27,27,73647.580,0,0.000000,0.000000,0.00,9999.999,9999.999000000000,3.81
21,07,21,20,32,27,73947.580,2,0.000000,0.000000,0.00,9999.999,9999.999000000000,3.81
21,07,21,20,37,27,74247.580,1,0.000000,0.000000,0.00,9999.999,9999.999000000000,3.81
21,07,21,20,42,27,74547.580,0,0.000000,0.000000,0.00,9999.999,9999.999000000000,3.81
21,07,21,20,47,27,74847.580,0,0.000000,0.000000,0.00,9999.999,9999.999000000000,3.81
21,07,21,20,52,27,75147.580,1,0.000000,0.000000,0.00,9999.999,9999.999000000000,3.81
21,07,21,20,57,27,75447.580,1,0.000000,0.000000,0.00,9999.999,9999.999000000000,3.81
21,07,21,21,02,27,75747.490,4,52.105843,-6.459059,66.00,4.790,0.000000332362,3.81
21,07,21,21,07,27,76047.790,1,0.000000,0.000000,0.00,9999.999,9999.999000000000,3.81
21,07,21,21,12,27,76347.790,1,0.000000,0.000000,0.00,9999.999,9999.999000000000,3.81
21,07,21,21,17,27,76647.790,0,0.000000,0.000000,0.00,9999.999,9999.999000000000,3.81
21,07,21,21,22,27,76947.790,2,0.000000,0.000000,0.00,9999.999,9999.999000000000,3.81
21,07,21,21,27,27,77247.790,0,0.000000,0.000000,0.00,9999.999,9999.999000000000,3.81
21,07,21,21,32,27,77547.790,0,0.000000,0.000000,0.00,9999.999,9999.999000000000,3.81
21,07,21,21,37,27,77847.790,0,0.000000,0.000000,0.00,9999.999,9999.999000000000,3.81
21,07,21,21,42,27,78147.790,0,0.000000,0.000000,0.00,9999.999,9999.999000000000,3.81
21,07,21,21,47,19,78439.530,5,52.096103,-6.477781,1.50,4.615,0.000000459342,3.81
21,07,21,21,52,17,78737.475,8,52.097973,-6.503730,48.25,4.415,0.000001621452,3.81
21,07,21,21,57,29,79049.415,0,0.000000,0.000000,0.00,9999.999,9999.999000000000,3.81
21,07,21,22,02,29,79349.415,0,0.000000,0.000000,0.00,9999.999,9999.999000000000,3.81
21,07,21,22,07,29,79649.415,0,0.000000,0.000000,0.00,9999.999,9999.999000000000,3.81
21,07,21,22,12,29,79949.415,0,0.000000,0.000000,0.00,9999.999,9999.999000000000,3.81
21,07,21,22,17,29,80249.415,0,0.000000,0.000000,0.00,9999.999,9999.999000000000,3.79
21,07,21,22,22,29,80549.415,1,0.000000,0.000000,0.00,9999.999,9999.999000000000,3.81
21,07,21,22,27,29,80849.415,0,0.000000,0.000000,0.00,9999.999,9999.999000000000,3.81
21,07,21,22,32,29,81149.415,0,0.000000,0.000000,0.00,9999.999,9999.999000000000,3.81
21,07,21,22,37,29,81449.415,0,0.000000,0.000000,0.00,9999.999,9999.999000000000,3.81
21,07,21,22,42,17,81737.985,8,52.096217,-6.553033,74.50,4.630,0.000004181070,3.81
21,07,21,22,47,18,82038.010,8,52.120272,-6.582015,51.50,5.105,0.000002609829,3.81
21,07,21,22,52,18,82338.505,9,52.139278,-6.616080,55.75,4.995,0.000004055701,3.81
21,07,21,22,57,29,82649.995,0,0.000000,0.000000,0.00,9999.999,9999.999000000000,3.81
21,07,21,23,02,29,82949.995,0,0.000000,0.000000,0.00,9999.999,9999.999000000000,3.81
21,07,21,23,07,29,83249.995,0,0.000000,0.000000,0.00,9999.999,9999.999000000000,3.81
21,07,21,23,12,29,83549.995,1,0.000000,0.000000,0.00,9999.999,9999.999000000000,3.81
21,07,21,23,17,29,83849.995,0,0.000000,0.000000,0.00,9999.999,9999.999000000000,3.81
21,07,21,23,22,29,84149.995,0,0.000000,0.000000,0.00,9999.999,9999.999000000000,3.81
21,07,21,23,27,29,84449.995,0,0.000000,0.000000,0.00,9999.999,9999.999000000000,3.81
21,07,21,23,32,29,84749.995,0,0.000000,0.000000,0.00,9999.999,9999.999000000000,3.79
21,07,21,23,37,29,85049.995,0,0.000000,0.000000,0.00,9999.999,9999.999000000000,3.79
21,07,21,23,42,29,85349.995,0,0.000000,0.000000,0.00,9999.999,9999.999000000000,3.79
21,07,21,23,47,29,85649.995,1,0.000000,0.000000,0.00,9999.999,9999.999000000000,3.81
21,07,21,23,52,29,85949.995,2,0.000000,0.000000,0.00,9999.999,9999.999000000000,3.79
21,07,21,23,57,19,86239.035,7,52.160200,-6.666320,76.50,4.715,0.000002809946,3.81
22,07,21,00,02,29,149.715,0,0.000000,0.000000,0.00,9999.999,9999.999000000000,3.79
22,07,21,00,07,21,441.525,5,52.160115,-6.660925,-7.25,4.640,0.000000606763,3.79
22,07,21,00,12,30,750.640,0,0.000000,0.000000,0.00,9999.999,9999.999000000000,3.79
22,07,21,00,17,30,1050.640,0,0.000000,0.000000,0.00,9999.999,9999.999000000000,3.79
22,07,21,00,22,19,1339.050,8,52.155860,-6.645374,51.25,4.750,0.000004813115,3.81
22,07,21,00,27,30,1650.750,0,0.000000,0.000000,0.00,9999.999,9999.999000000000,3.79
22,07,21,00,32,30,1950.750,0,0.000000,0.000000,0.00,9999.999,9999.999000000000,3.79
22,07,21,00,37,19,2239.060,7,52.146086,-6.604711,50.00,5.110,0.000004395089,3.79
22,07,21,00,42,19,2539.050,8,52.140351,-6.590558,14.00,5.235,0.000009187790,3.79
22,07,21,00,47,19,2839.065,8,52.141796,-6.600116,38.25,5.120,0.000002204962,3.81
22,07,21,00,52,31,3151.120,0,0.000000,0.000000,0.00,9999.999,9999.999000000000,3.81
22,07,21,00,57,31,3451.120,0,0.000000,0.000000,0.00,9999.999,9999.999000000000,3.79
22,07,21,01,02,19,3739.070,7,52.142317,-6.595501,86.25,5.010,0.000004054022,3.79
22,07,21,01,07,19,4039.090,9,52.142346,-6.591264,54.75,5.025,0.000008180065,3.79
22,07,21,01,12,19,4339.085,9,52.142474,-6.602969,39.25,5.095,0.000003646653,3.81
22,07,21,01,17,31,4651.095,0,0.000000,0.000000,0.00,9999.999,9999.999000000000,3.79
22,07,21,01,22,31,4951.095,1,0.000000,0.000000,0.00,9999.999,9999.999000000000,3.79
22,07,21,01,27,31,5251.095,0,0.000000,0.000000,0.00,9999.999,9999.999000000000,3.79
22,07,21,01,32,19,5539.095,9,52.139252,-6.597488,36.75,5.125,0.000003879462,3.79
22,07,21,01,37,19,5839.595,7,52.139727,-6.591485,38.50,4.860,0.000007450658,3.79
22,07,21,01,42,20,6140.610,8,52.143041,-6.585965,49.50,4.470,0.000008005521,3.81
22,07,21,01,47,21,6441.100,6,52.130491,-6.592908,62.50,4.660,0.000001657804,3.81
22,07,21,01,52,22,6742.600,6,52.139664,-6.588046,42.00,4.945,0.000002314514,3.79
22,07,21,01,57,33,7053.945,2,0.000000,0.000000,0.00,9999.999,9999.999000000000,3.79
22,07,21,02,02,33,7353.615,4,52.139005,-6.588773,42.00,4.750,0.000001196221,3.79
22,07,21,02,07,31,7651.020,5,52.139722,-6.587782,46.50,4.720,0.000000233241,3.81
22,07,21,02,12,33,7953.720,3,0.000000,0.000000,0.00,9999.999,9999.999000000000,3.79
