day,month,year,hour,minute,second,abs.second,sats,Latitude,Longitude,Altitude,var1,var2,var3
21,07,21,03,01,02,10862.400,7,52.143774,-6.611208,62.75,9999.999,0.000002261166,4.16
21,07,21,03,06,01,11161.950,8,52.145107,-6.613579,54.50,0.175,0.000002695407,4.16
21,07,21,03,11,02,11462.445,8,52.155272,-6.657399,51.25,-0.415,0.000002228563,4.16
21,07,21,03,16,06,11766.435,5,52.154321,-6.675223,54.00,-0.855,0.000001448001,4.16
21,07,21,03,21,07,12067.415,5,52.153725,-6.673775,50.50,-0.795,0.000000467297,4.16
21,07,21,03,26,08,12368.445,5,52.153746,-6.672134,43.00,-0.540,0.000000332566,4.16
21,07,21,03,31,06,12666.430,6,52.147534,-6.655680,49.50,-0.435,0.000002587467,4.16
21,07,21,03,36,06,12966.945,9,52.158091,-6.668475,61.50,-0.260,0.000005866944,4.16
21,07,21,03,41,07,13267.460,6,52.149279,-6.668072,60.75,-0.210,0.000003859554,4.16
21,07,21,03,46,08,13568.450,9,52.149024,-6.666664,51.00,-0.520,0.000003974733,4.16
21,07,21,03,51,08,13868.960,8,52.148772,-6.665068,65.75,-0.450,0.000004601262,4.16
21,07,21,03,56,09,14169.440,7,52.148441,-6.663621,39.75,-0.265,0.000002259819,4.16
21,07,21,04,01,09,14469.455,7,52.165147,-6.682817,53.75,-0.460,0.000001562806,4.14
21,07,21,04,06,10,14770.950,7,52.160649,-6.701873,43.50,-0.395,0.000003582499,4.16
21,07,21,04,11,11,15071.455,6,52.160192,-6.701368,39.25,-0.265,0.000001463046,4.16
21,07,21,04,16,11,15371.455,7,52.157157,-6.713634,51.00,-0.480,0.000001434567,4.16
21,07,21,04,21,11,15671.970,6,52.156840,-6.712685,47.50,-0.395,0.000006905541,4.16
21,07,21,04,26,22,15982.105,4,52.171288,-6.648597,47.00,9999.999,0.000000457954,4.16
21,07,21,04,31,13,16273.465,5,52.156062,-6.711258,37.75,9999.999,0.000001316074,4.14
21,07,21,04,36,23,16583.955,5,52.155247,-6.710645,19.25,-0.290,0.000000408860,4.16
21,07,21,04,41,16,16876.970,5,52.159422,-6.712577,41.50,0.015,0.000000904980,4.16
21,07,21,04,46,13,17173.965,7,52.159257,-6.712020,53.75,0.120,0.000003498391,4.16
21,07,21,04,51,13,17473.470,7,52.158929,-6.711821,45.25,-0.230,0.000001515499,4.16
21,07,21,04,56,14,17774.470,7,52.158592,-6.711236,52.25,-0.705,0.000001440432,4.16
21,07,21,05,01,14,18074.985,6,52.158050,-6.710346,38.50,-0.510,0.000000218662,4.14
21,07,21,05,06,25,18385.490,3,0.000000,0.000000,0.00,9999.999,9999.999000000000,4.16
21,07,21,05,11,25,18685.490,3,0.000000,0.000000,0.00,9999.999,9999.999000000000,4.14
21,07,21,05,16,15,18975.000,6,52.156823,-6.709324,54.25,0.090,0.000000984882,4.14
21,07,21,05,21,15,19275.480,6,52.156484,-6.708880,43.00,9999.999,0.000004557244,4.14
21,07,21,05,26,15,19575.450,6,52.161609,-6.717397,50.25,-0.535,0.000000356484,4.14
21,07,21,05,31,16,19876.475,7,52.162722,-6.733726,34.00,-0.850,0.000002648691,4.16
21,07,21,05,36,16,20176.980,8,52.162145,-6.710226,41.75,-0.430,0.000003870322,4.14
21,07,21,05,41,28,20488.570,1,0.000000,0.000000,0.00,9999.999,9999.999000000000,4.16
21,07,21,05,46,28,20788.570,1,0.000000,0.000000,0.00,9999.999,9999.999000000000,4.14
21,07,21,05,51,28,21088.570,2,0.000000,0.000000,0.00,9999.999,9999.999000000000,4.16
21,07,21,05,56,28,21388.570,1,0.000000,0.000000,0.00,9999.999,9999.999000000000,4.14
21,07,21,06,01,28,21688.570,1,0.000000,0.000000,0.00,9999.999,9999.999000000000,4.14
21,07,21,06,06,28,21988.570,1,0.000000,0.000000,0.00,9999.999,9999.999000000000,4.16
21,07,21,06,11,28,22288.570,1,0.000000,0.000000,0.00,9999.999,9999.999000000000,4.14
21,07,21,06,16,28,22588.570,1,0.000000,0.000000,0.00,9999.999,9999.999000000000,4.14
21,07,21,06,21,24,22884.520,5,52.159977,-6.730883,26.75,-0.040,0.000000949084,4.14
21,07,21,06,26,17,23177.990,8,52.157879,-6.726060,51.00,-0.050,0.000006684709,4.14
21,07,21,06,31,18,23478.500,6,52.156197,-6.681382,77.75,-0.260,0.000004468808,4.14
21,07,21,06,36,17,23777.990,8,52.136457,-6.647952,42.75,-0.360,0.000003423201,4.14
21,07,21,06,41,21,24081.530,5,52.133526,-6.648855,132.75,-0.290,0.000001152502,4.14
21,07,21,06,46,27,24387.010,5,52.133098,-6.650269,70.00,-0.195,0.000000457036,4.14
21,07,21,06,51,27,24687.515,5,52.132346,-6.650842,29.00,-0.190,0.000000651171,4.14
21,07,21,06,56,31,24991.530,4,52.131525,-6.651437,29.00,-0.475,0.000000195198,4.14
21,07,21,07,01,28,25288.485,6,52.130694,-6.651031,45.50,-0.635,0.000002957324,4.14
21,07,21,07,06,31,25591.955,5,52.128590,-6.650970,-28.25,-0.360,0.000000417295,4.14
21,07,21,07,11,24,25884.500,5,52.128061,-6.651506,33.00,-0.135,0.000000653295,4.14
21,07,21,07,16,33,26193.505,4,52.127129,-6.652218,33.00,-0.385,0.000000351414,4.12
21,07,21,07,21,33,26493.615,2,0.000000,0.000000,0.00,9999.999,9999.999000000000,4.14
21,07,21,07,26,33,26793.615,3,0.000000,0.000000,0.00,9999.999,9999.999000000000,4.14
21,07,21,07,31,33,27093.615,3,0.000000,0.000000,0.00,9999.999,9999.999000000000,4.14
21,07,21,07,36,22,27382.505,7,52.125596,-6.664787,37.00,-0.620,0.000002143521,4.12
21,07,21,07,41,22,27682.000,7,52.125231,-6.665244,52.00,-0.365,0.000001381036,4.14
21,07,21,07,46,23,27983.505,6,52.124955,-6.665546,46.00,-0.120,0.000002944470,4.14
21,07,21,07,51,24,28284.010,7,52.125550,-6.666299,39.75,-0.120,0.000001971734,4.12
21,07,21,07,56,32,28592.500,6,52.125317,-6.666475,46.75,-0.245,0.000002985064,4.14
21,07,21,08,01,25,28885.505,6,52.125551,-6.666949,50.75,-0.560,0.000001491840,4.14
21,07,21,08,06,36,29196.440,0,0.000000,0.000000,0.00,9999.999,9999.999000000000,4.12
21,07,21,08,11,28,29488.510,5,52.127604,-6.667597,22.75,-0.650,0.000000099310,4.14
21,07,21,08,16,31,29791.540,5,52.135838,-6.671256,19.75,-0.520,0.000000477956,4.12
21,07,21,08,21,32,30092.540,5,52.135427,-6.671955,48.75,-0.395,0.000000530817,4.14
21,07,21,08,26,31,30391.535,6,52.135111,-6.673128,49.50,-0.400,0.000000361275,4.12
21,07,21,08,31,31,30691.000,7,52.136862,-6.678396,46.75,-0.235,0.000001647118,4.12
21,07,21,08,36,31,30991.005,8,52.124099,-6.680243,45.25,0.085,0.000004773859,4.12
21,07,21,08,41,31,31291.505,9,52.100979,-6.646601,45.75,-0.085,0.000004026203,4.12
21,07,21,08,46,31,31591.515,8,52.075696,-6.613395,57.50,-0.575,0.000001771042,4.12
21,07,21,08,51,32,31892.515,10,52.060097,-6.565316,54.25,-0.730,0.000003530754,4.12
21,07,21,08,56,36,32196.560,5,52.045733,-6.544692,50.75,-0.540,0.000000046092,4.14
21,07,21,09,01,34,32494.000,7,52.045927,-6.546435,26.25,-0.125,0.000001394759,4.14
21,07,21,09,06,34,32794.525,7,52.045530,-6.547171,37.25,-0.030,0.000002336218,4.12
21,07,21,09,11,36,33096.510,6,52.045095,-6.548176,45.75,-0.435,0.000001432214,4.12
21,07,21,09,16,47,33407.445,4,52.045179,-6.549070,45.00,-0.725,0.000001025159,4.12
21,07,21,09,21,47,33707.485,5,52.043993,-6.550454,33.75,9999.999,0.000001515427,4.12
21,07,21,09,26,38,33998.515,6,52.042465,-6.546906,48.75,0.000,0.000001522649,4.12
21,07,21,09,31,41,34301.510,5,52.041332,-6.547300,50.00,-0.125,0.000001320823,4.12
21,07,21,09,36,39,34599.515,9,52.032661,-6.541104,57.25,-0.550,0.000004722343,4.12
21,07,21,09,41,39,34899.520,9,52.005784,-6.519365,55.25,-0.695,0.000005629098,4.12
21,07,21,09,46,41,35201.515,6,51.998634,-6.504865,17.75,-0.555,0.000004074006,4.12
21,07,21,09,51,52,35512.515,5,51.999657,-6.506812,-4.75,-0.415,0.000000247383,4.12
21,07,21,09,56,52,35812.485,5,51.999103,-6.509092,17.75,0.070,0.000000113176,4.12
21,07,21,10,01,54,36114.060,5,51.996167,-6.515455,101.25,0.515,0.000001701089,4.12
21,07,21,10,06,44,36404.005,7,51.988253,-6.515532,48.75,0.255,0.000003526741,4.12
21,07,21,10,12,06,36726.255,0,0.000000,0.000000,0.00,9999.999,9999.999000000000,4.12
21,07,21,10,17,05,37025.525,4,51.985805,-6.521356,48.00,-0.365,0.000000336413,4.10
21,07,21,10,21,54,37314.545,7,51.984124,-6.521854,50.50,-0.775,0.000006319439,4.10
21,07,21,10,27,06,37626.505,7,51.982389,-6.524399,20.50,9999.999,0.000002348535,4.12
21,07,21,10,31,59,37919.535,5,51.981134,-6.527305,11.75,0.020,0.000000574701,4.12
21,07,21,10,36,57,38217.520,8,51.980270,-6.530451,61.75,-0.075,0.000005158484,4.12
21,07,21,10,41,58,38518.545,7,51.979086,-6.533051,56.00,-0.515,0.000001365614,4.12
21,07,21,10,46,59,38819.545,6,51.977767,-6.535902,58.00,-0.675,0.000000162466,4.12
21,07,21,10,52,02,39122.545,5,51.976038,-6.539191,53.25,-0.535,0.000000480241,4.12
21,07,21,10,57,09,39429.495,5,51.975145,-6.542610,-33.25,-0.410,0.000000535072,4.12
21,07,21,11,02,01,39721.030,8,51.978470,-6.550056,46.00,-0.175,0.000007094021,4.12
21,07,21,11,07,14,40034.825,3,0.000000,0.000000,0.00,9999.999,9999.999000000000,4.10
21,07,21,11,12,13,40333.035,5,51.973220,-6.556013,33.00,0.150,0.000000230067,4.12
21,07,21,11,17,03,40623.540,10,51.966171,-6.567033,35.75,-0.050,0.000005074832,4.12
21,07,21,11,22,15,40935.550,4,51.964808,-6.572051,35.00,-0.555,0.000000144606,4.10
21,07,21,11,27,15,41235.445,2,0.000000,0.000000,0.00,9999.999,9999.999000000000,4.12
21,07,21,11,32,07,41527.545,8,51.967050,-6.581062,36.50,-0.705,0.000002573331,4.12
21,07,21,11,37,08,41828.545,8,51.966481,-6.584254,34.25,-0.530,0.000002539700,4.10
21,07,21,11,42,09,42129.550,7,51.965925,-6.587270,43.25,-0.365,0.000001942885,4.12
21,07,21,11,47,10,42430.545,8,51.967135,-6.583129,52.75,-0.370,0.000004336164,4.10
21,07,21,11,52,10,42730.040,7,51.967341,-6.587017,43.50,-0.210,0.000000661006,4.10
21,07,21,11,57,21,43041.490,4,51.966553,-6.590274,43.00,-0.155,0.000000276802,4.10
21,07,21,12,02,10,43330.055,7,51.965923,-6.593253,56.75,-0.200,0.000004367154,4.12
21,07,21,12,07,13,43633.500,5,51.965152,-6.596824,-3.75,-0.245,0.000000257467,4.10
21,07,21,12,12,11,43931.045,7,51.964841,-6.599543,20.50,-0.250,0.000009216184,4.12
21,07,21,12,17,22,44242.480,4,51.964237,-6.602944,20.00,-0.240,0.000000235599,4.12
21,07,21,12,22,20,44540.510,7,51.963612,-6.605438,52.25,9999.999,0.000001901169,4.12
21,07,21,12,27,35,44855.070,5,51.953719,-6.626191,54.75,0.290,0.000000786537,4.10
21,07,21,12,32,37,45157.030,5,51.951637,-6.626897,20.75,0.315,0.000000785973,4.10
21,07,21,12,37,27,45447.555,7,51.951328,-6.628457,47.25,-0.195,0.000002164381,4.10
21,07,21,12,42,28,45748.045,6,51.948918,-6.648490,34.25,-0.455,0.000000745888,4.12
21,07,21,12,47,28,46048.545,8,51.953642,-6.660135,46.25,-0.335,0.000002801220,4.10
21,07,21,12,52,28,46348.545,7,51.949890,-6.667081,47.50,-0.395,0.000002839865,4.10
21,07,21,12,57,29,46649.555,10,51.949442,-6.669363,42.00,-0.480,0.000002404152,4.10
21,07,21,13,02,30,46950.560,8,51.949505,-6.672205,42.25,-0.485,0.000002169428,4.10
21,07,21,13,07,31,47251.565,8,51.949053,-6.674677,43.00,-0.440,0.000002396090,4.10
21,07,21,13,12,32,47552.560,8,51.948893,-6.677415,44.25,-0.415,0.000001137551,4.10
21,07,21,13,17,39,47859.605,8,51.926947,-6.679610,44.50,-0.405,0.000002656719,4.12
21,07,21,13,22,40,48160.555,9,51.924756,-6.676520,53.25,-0.415,0.000002350342,4.10
21,07,21,13,27,41,48461.555,7,51.922516,-6.677685,53.50,-0.450,0.000002898048,4.10
21,07,21,13,32,46,48766.020,4,51.908713,-6.676810,53.00,-0.230,0.000000106102,4.10
21,07,21,13,37,42,49062.560,7,51.908049,-6.676945,37.00,-0.100,0.000001155923,4.10
21,07,21,13,42,42,49362.060,7,51.899096,-6.678019,48.25,-0.125,0.000002404226,4.10
21,07,21,13,48,02,49682.605,7,51.899009,-6.676108,46.75,-0.180,0.000002620691,4.10
21,07,21,13,53,07,49987.110,8,51.898950,-6.677849,50.00,-0.170,0.000003326838,4.10
21,07,21,13,58,35,50315.620,9,51.898355,-6.676715,51.75,-0.130,0.000003719048,4.10
21,07,21,14,03,36,50616.570,7,51.896875,-6.675320,47.50,-0.385,0.000003934989,4.10
21,07,21,14,08,55,50935.015,6,51.890563,-6.666217,-9.75,-0.335,0.000002934149,4.10
21,07,21,14,13,56,51236.075,7,51.890204,-6.664331,59.50,0.070,0.000002571332,4.10
21,07,21,14,18,55,51535.570,7,51.880312,-6.658712,35.75,0.025,0.000004377914,4.10
21,07,21,14,23,56,51836.555,7,51.880373,-6.659514,20.00,-0.460,0.000003374277,4.10
21,07,21,14,28,57,52137.590,8,51.882600,-6.659707,46.00,-0.670,0.000004243589,4.10
21,07,21,14,33,57,52437.590,8,51.883075,-6.659472,33.00,-0.515,0.000003875363,4.10
21,07,21,14,38,58,52738.565,7,51.883560,-6.659733,23.00,-0.345,0.000002732711,4.10
21,07,21,14,43,59,53039.535,8,51.883801,-6.659979,31.75,-0.365,0.000004149064,4.10
21,07,21,14,49,00,53340.535,8,51.884144,-6.660580,33.25,-0.475,0.000006467831,4.10
21,07,21,14,54,01,53641.545,7,51.884797,-6.660448,25.50,-0.515,0.000005629146,4.10
21,07,21,14,59,03,53943.055,6,51.885189,-6.660316,22.00,-0.220,0.000004693734,4.10
21,07,21,15,04,02,54242.560,7,51.885469,-6.660411,23.75,-0.045,0.000005295720,4.10
21,07,21,15,09,03,54543.555,8,51.885515,-6.660562,22.75,-0.355,0.000005268807,4.10
21,07,21,15,14,04,54844.075,6,51.884135,-6.656449,71.00,-0.340,0.000001233238,4.10
21,07,21,15,19,04,55144.080,7,51.884342,-6.653316,24.75,0.085,0.000004617998,4.10
21,07,21,15,24,37,55477.075,9,51.883680,-6.655232,47.50,0.290,0.000006625746,4.10
21,07,21,15,29,37,55777.070,7,51.884276,-6.654711,36.50,0.175,0.000007230908,4.10
21,07,21,15,36,30,56190.595,7,51.885529,-6.653693,27.25,-0.225,0.000005922967,4.10
21,07,21,15,41,31,56491.565,9,51.885713,-6.652740,35.25,-0.620,0.000007398534,4.10
21,07,21,15,48,32,56912.670,8,51.885995,-6.651315,38.50,-0.580,0.000005926875,4.10
21,07,21,15,55,33,57333.170,7,51.886926,-6.649668,31.25,-0.060,0.000001891330,4.10
21,07,21,16,00,33,57633.570,8,51.887439,-6.649282,33.75,9999.999,0.000002074648,4.10
21,07,21,16,05,46,57946.620,8,51.888296,-6.648255,40.75,-0.405,0.000002426975,4.10
21,07,21,16,10,47,58247.075,7,51.889391,-6.647319,84.25,-0.325,0.000001713242,4.10
21,07,21,16,16,04,58564.605,7,51.890005,-6.645956,59.75,-0.120,0.000005364216,4.10
21,07,21,16,21,04,58864.600,8,51.890264,-6.644343,56.00,-0.295,0.000002247448,4.10
21,07,21,16,26,05,59165.085,6,51.890737,-6.642899,57.25,-0.245,0.000002255959,4.10
21,07,21,16,31,06,59466.575,6,51.891011,-6.641286,61.25,-0.145,0.000001954822,4.10
21,07,21,16,36,06,59766.595,7,51.884491,-6.631614,39.75,-0.365,0.000005055884,4.10
21,07,21,16,41,07,60067.085,8,51.884689,-6.627394,46.75,-0.270,0.000003195469,4.10
21,07,21,16,46,16,60376.610,5,51.884124,-6.623687,92.50,-0.105,0.000000194801,4.10
21,07,21,16,51,12,60672.595,7,51.884527,-6.619910,53.25,-0.315,0.000004170434,4.10
21,07,21,16,56,14,60974.585,6,51.885243,-6.618743,53.25,-0.515,0.000003143647,4.10
21,07,21,17,01,14,61274.605,7,51.879703,-6.627170,58.00,-0.505,0.000001955805,4.10
21,07,21,17,06,15,61575.605,7,51.880031,-6.624564,31.25,-0.390,0.000005595412,4.10
21,07,21,17,11,16,61876.580,9,51.888188,-6.638289,53.75,-0.350,0.000004310653,4.10
21,07,21,17,16,16,62176.100,7,51.896254,-6.636059,43.00,-0.140,0.000001784574,4.10
21,07,21,17,21,17,62477.460,5,51.893139,-6.621262,-15.50,-0.115,0.000001439427,4.10
21,07,21,17,26,51,62811.885,0,0.000000,0.000000,0.00,9999.999,9999.999000000000,4.10
21,07,21,17,31,52,63112.885,0,0.000000,0.000000,0.00,9999.999,9999.999000000000,4.10
21,07,21,17,36,52,63412.885,0,0.000000,0.000000,0.00,9999.999,9999.999000000000,4.08
21,07,21,17,41,52,63712.885,0,0.000000,0.000000,0.00,9999.999,9999.999000000000,4.10
21,07,21,17,46,52,64012.885,3,0.000000,0.000000,0.00,9999.999,9999.999000000000,4.10
21,07,21,17,51,52,64312.885,0,0.000000,0.000000,0.00,9999.999,9999.999000000000,4.10
21,07,21,17,56,50,64610.185,5,51.895260,-6.618662,-40.75,-0.165,0.000001486542,4.08
21,07,21,18,01,52,64912.835,1,0.000000,0.000000,0.00,9999.999,9999.999000000000,4.10
21,07,21,18,06,52,65212.135,6,51.894639,-6.613730,52.50,0.135,0.000011981433,4.08
21,07,21,18,11,53,65513.135,2,0.000000,0.000000,0.00,9999.999,9999.999000000000,4.10
21,07,21,18,16,53,65813.135,1,0.000000,0.000000,0.00,9999.999,9999.999000000000,4.08
21,07,21,18,21,53,66113.135,1,0.000000,0.000000,0.00,9999.999,9999.999000000000,4.08
21,07,21,18,26,53,66413.135,1,0.000000,0.000000,0.00,9999.999,9999.999000000000,4.08
21,07,21,18,31,53,66713.135,0,0.000000,0.000000,0.00,9999.999,9999.999000000000,4.08
21,07,21,18,36,53,67013.135,0,0.000000,0.000000,0.00,9999.999,9999.999000000000,4.08
21,07,21,18,41,53,67313.135,0,0.000000,0.000000,0.00,9999.999,9999.999000000000,4.08
21,07,21,18,46,42,67602.595,5,51.897608,-6.603372,54.50,0.015,0.000000200351,4.08
21,07,21,18,51,54,67914.015,1,0.000000,0.000000,0.00,9999.999,9999.999000000000,4.08
21,07,21,18,56,42,68202.605,8,51.899652,-6.594789,58.75,-0.460,0.000003175754,4.08
21,07,21,19,01,43,68503.610,7,51.899688,-6.577146,61.50,-0.630,0.000002895903,4.08
21,07,21,19,06,54,68814.370,0,0.000000,0.000000,0.00,9999.999,9999.999000000000,4.08
21,07,21,19,11,53,69113.130,5,51.901062,-6.573422,41.50,-0.215,0.000001068119,4.08
21,07,21,19,16,52,69412.075,5,51.900508,-6.572977,88.00,0.310,0.000002518517,4.08
21,07,21,19,21,43,69703.110,7,51.916085,-6.560245,63.75,0.355,0.000003789511,4.08
21,07,21,19,26,55,70015.355,2,0.000000,0.000000,0.00,9999.999,9999.999000000000,4.08
21,07,21,19,31,54,70314.655,4,51.916649,-6.533066,63.00,-0.095,0.000001145715,4.08
21,07,21,19,36,43,70603.115,9,51.924125,-6.526453,64.25,-0.340,0.000002614293,4.08
21,07,21,19,41,43,70903.100,7,51.951321,-6.540678,88.50,-0.015,0.000002466254,4.08
21,07,21,19,46,51,71211.385,4,51.956832,-6.531845,88.00,-0.095,0.000001088720,4.08
21,07,21,19,51,57,71517.905,2,0.000000,0.000000,0.00,9999.999,9999.999000000000,4.08
21,07,21,19,56,55,71815.105,5,51.956830,-6.523097,50.75,-0.295,0.000001444343,4.08
21,07,21,20,01,57,72117.705,0,0.000000,0.000000,0.00,9999.999,9999.999000000000,4.08
21,07,21,20,06,57,72417.705,0,0.000000,0.000000,0.00,9999.999,9999.999000000000,4.08
21,07,21,20,11,46,72706.105,8,51.975666,-6.522946,79.25,0.005,0.000005792113,4.08
21,07,21,20,16,58,73018.005,3,0.000000,0.000000,0.00,9999.999,9999.999000000000,4.08
21,07,21,20,21,57,73317.305,4,51.982124,-6.524665,79.00,-0.145,0.000000849421,4.08
21,07,21,20,26,57,73617.855,1,0.000000,0.000000,0.00,9999.999,9999.999000000000,4.08
21,07,21,20,31,56,73916.985,4,51.959016,-6.516931,79.00,-0.430,0.000000636152,4.08
21,07,21,20,36,57,74217.570,0,0.000000,0.000000,0.00,9999.999,9999.999000000000,4.08
21,07,21,20,41,57,74517.570,2,0.000000,0.000000,0.00,9999.999,9999.999000000000,4.08
21,07,21,20,46,57,74817.570,1,0.000000,0.000000,0.00,9999.999,9999.999000000000,4.08
21,07,21,20,51,46,75106.620,9,51.953793,-6.515792,49.75,-0.340,0.000005070286,4.08
21,07,21,20,56,47,75407.100,7,51.942065,-6.509099,61.50,-0.095,0.000002587615,4.08
21,07,21,21,02,32,75752.905,3,0.000000,0.000000,0.00,9999.999,9999.999000000000,4.08
21,07,21,21,07,32,76052.905,2,0.000000,0.000000,0.00,9999.999,9999.999000000000,4.08
21,07,21,21,12,32,76352.905,1,0.000000,0.000000,0.00,9999.999,9999.999000000000,4.08
21,07,21,21,17,32,76652.905,0,0.000000,0.000000,0.00,9999.999,9999.999000000000,4.08
21,07,21,21,22,32,76952.905,0,0.000000,0.000000,0.00,9999.999,9999.999000000000,4.08
21,07,21,21,27,32,77252.905,0,0.000000,0.000000,0.00,9999.999,9999.999000000000,4.08
21,07,21,21,32,32,77552.905,0,0.000000,0.000000,0.00,9999.999,9999.999000000000,4.08
21,07,21,21,37,32,77852.905,0,0.000000,0.000000,0.00,9999.999,9999.999000000000,4.08
21,07,21,21,42,32,78152.905,0,0.000000,0.000000,0.00,9999.999,9999.999000000000,4.08
21,07,21,21,47,32,78452.905,0,0.000000,0.000000,0.00,9999.999,9999.999000000000,4.08
21,07,21,21,52,32,78752.905,0,0.000000,0.000000,0.00,9999.999,9999.999000000000,4.08
21,07,21,21,57,32,79052.905,0,0.000000,0.000000,0.00,9999.999,9999.999000000000,4.06
21,07,21,22,02,32,79352.905,0,0.000000,0.000000,0.00,9999.999,9999.999000000000,4.08
21,07,21,22,07,32,79652.905,0,0.000000,0.000000,0.00,9999.999,9999.999000000000,4.06
21,07,21,22,12,32,79952.905,0,0.000000,0.000000,0.00,9999.999,9999.999000000000,4.08
21,07,21,22,17,21,80241.155,8,51.931781,-6.533590,48.00,0.250,0.000004387742,4.08
21,07,21,22,22,33,80553.250,3,0.000000,0.000000,0.00,9999.999,9999.999000000000,4.08
21,07,21,22,27,33,80853.250,2,0.000000,0.000000,0.00,9999.999,9999.999000000000,4.06
21,07,21,22,32,33,81153.250,0,0.000000,0.000000,0.00,9999.999,9999.999000000000,4.06
21,07,21,22,37,33,81453.250,2,0.000000,0.000000,0.00,9999.999,9999.999000000000,4.06
21,07,21,22,42,33,81753.250,0,0.000000,0.000000,0.00,9999.999,9999.999000000000,4.06
21,07,21,22,47,33,82053.250,0,0.000000,0.000000,0.00,9999.999,9999.999000000000,4.06
21,07,21,22,52,33,82353.250,2,0.000000,0.000000,0.00,9999.999,9999.999000000000,4.06
21,07,21,22,57,32,82652.510,4,51.938635,-6.574238,48.00,0.005,0.000000758385,4.06
21,07,21,23,02,33,82953.005,3,0.000000,0.000000,0.00,9999.999,9999.999000000000,4.06
21,07,21,23,07,33,83253.005,3,0.000000,0.000000,0.00,9999.999,9999.999000000000,4.06
21,07,21,23,12,33,83553.005,3,0.000000,0.000000,0.00,9999.999,9999.999000000000,4.06
21,07,21,23,17,33,83853.005,0,0.000000,0.000000,0.00,9999.999,9999.999000000000,4.06
21,07,21,23,22,33,84153.005,0,0.000000,0.000000,0.00,9999.999,9999.999000000000,4.06
21,07,21,23,27,33,84453.005,0,0.000000,0.000000,0.00,9999.999,9999.999000000000,4.06
21,07,21,23,32,33,84753.005,0,0.000000,0.000000,0.00,9999.999,9999.999000000000,4.06
21,07,21,23,37,33,85053.005,0,0.000000,0.000000,0.00,9999.999,9999.999000000000,4.04
21,07,21,23,42,33,85353.005,0,0.000000,0.000000,0.00,9999.999,9999.999000000000,4.06
21,07,21,23,47,33,85653.005,0,0.000000,0.000000,0.00,9999.999,9999.999000000000,4.06
21,07,21,23,52,33,85953.005,0,0.000000,0.000000,0.00,9999.999,9999.999000000000,4.04
21,07,21,23,57,33,86253.005,2,0.000000,0.000000,0.00,9999.999,9999.999000000000,4.04
22,07,21,00,02,33,153.005,0,0.000000,0.000000,0.00,9999.999,9999.999000000000,4.04
22,07,21,00,07,33,453.005,3,0.000000,0.000000,0.00,9999.999,9999.999000000000,4.04
22,07,21,00,12,33,753.005,0,0.000000,0.000000,0.00,9999.999,9999.999000000000,4.04
22,07,21,00,17,33,1053.005,2,0.000000,0.000000,0.00,9999.999,9999.999000000000,4.04
22,07,21,00,22,33,1353.005,0,0.000000,0.000000,0.00,9999.999,9999.999000000000,4.04
22,07,21,00,27,33,1653.005,0,0.000000,0.000000,0.00,9999.999,9999.999000000000,4.04
22,07,21,00,32,33,1953.005,0,0.000000,0.000000,0.00,9999.999,9999.999000000000,4.04
22,07,21,00,37,33,2253.005,0,0.000000,0.000000,0.00,9999.999,9999.999000000000,4.04
22,07,21,00,42,33,2553.005,0,0.000000,0.000000,0.00,9999.999,9999.999000000000,4.04
22,07,21,00,47,33,2853.005,0,0.000000,0.000000,0.00,9999.999,9999.999000000000,4.04
22,07,21,00,52,33,3153.005,3,0.000000,0.000000,0.00,9999.999,9999.999000000000,4.04
22,07,21,00,57,33,3453.005,3,0.000000,0.000000,0.00,9999.999,9999.999000000000,4.04
22,07,21,01,02,33,3753.005,3,0.000000,0.000000,0.00,9999.999,9999.999000000000,4.04
22,07,21,01,07,33,4053.005,3,0.000000,0.000000,0.00,9999.999,9999.999000000000,4.04
22,07,21,01,12,33,4353.005,1,0.000000,0.000000,0.00,9999.999,9999.999000000000,4.04
22,07,21,01,17,33,4653.005,0,0.000000,0.000000,0.00,9999.999,9999.999000000000,4.02
22,07,21,01,22,33,4953.005,2,0.000000,0.000000,0.00,9999.999,9999.999000000000,4.04
22,07,21,01,27,33,5253.005,3,0.000000,0.000000,0.00,9999.999,9999.999000000000,4.02
22,07,21,01,32,33,5553.005,3,0.000000,0.000000,0.00,9999.999,9999.999000000000,4.02
22,07,21,01,37,33,5853.005,0,0.000000,0.000000,0.00,9999.999,9999.999000000000,4.02
22,07,21,01,42,33,6153.005,0,0.000000,0.000000,0.00,9999.999,9999.999000000000,4.02
22,07,21,01,47,33,6453.005,0,0.000000,0.000000,0.00,9999.999,9999.999000000000,4.02
22,07,21,01,52,33,6753.005,0,0.000000,0.000000,0.00,9999.999,9999.999000000000,4.02
22,07,21,01,57,33,7053.005,0,0.000000,0.000000,0.00,9999.999,9999.999000000000,4.02
22,07,21,02,02,33,7353.005,0,0.000000,0.000000,0.00,9999.999,9999.999000000000,4.02
22,07,21,02,07,22,7642.695,6,51.903390,-6.667938,21.25,-0.520,0.000001742304,4.02
22,07,21,02,12,33,7953.510,4,51.903496,-6.668945,21.00,-0.660,0.000001668479,4.02
22,07,21,02,17,33,8253.340,1,0.000000,0.000000,0.00,9999.999,9999.999000000000,4.02
22,07,21,02,22,33,8553.340,0,0.000000,0.000000,0.00,9999.999,9999.999000000000,4.02
22,07,21,02,27,33,8853.340,0,0.000000,0.000000,0.00,9999.999,9999.999000000000,4.02
22,07,21,02,32,33,9153.340,0,0.000000,0.000000,0.00,9999.999,9999.999000000000,4.02
22,07,21,02,37,33,9453.340,0,0.000000,0.000000,0.00,9999.999,9999.999000000000,4.02
22,07,21,02,42,33,9753.500,4,51.904536,-6.672039,21.00,-0.565,0.000000217235,4.02
22,07,21,02,47,33,10053.435,1,0.000000,0.000000,0.00,9999.999,9999.999000000000,4.02
22,07,21,02,52,33,10353.435,2,0.000000,0.000000,0.00,9999.999,9999.999000000000,4.02
22,07,21,02,57,33,10653.435,3,0.000000,0.000000,0.00,9999.999,9999.999000000000,4.02
22,07,21,03,02,25,10945.725,5,51.904944,-6.671893,45.25,-0.340,0.000000484486,4.02
22,07,21,03,07,34,11254.660,0,0.000000,0.000000,0.00,9999.999,9999.999000000000,4.02
22,07,21,03,12,34,11554.660,1,0.000000,0.000000,0.00,9999.999,9999.999000000000,4.02
22,07,21,03,17,34,11854.660,3,0.000000,0.000000,0.00,9999.999,9999.999000000000,4.02
22,07,21,03,22,34,12154.660,1,0.000000,0.000000,0.00,9999.999,9999.999000000000,4.02
22,07,21,03,27,34,12454.660,0,0.000000,0.000000,0.00,9999.999,9999.999000000000,4.02
22,07,21,03,32,34,12754.660,2,0.000000,0.000000,0.00,9999.999,9999.999000000000,4.02
22,07,21,03,37,23,13043.710,8,51.895683,-6.646619,58.50,-0.170,0.000004554141,4.02
22,07,21,03,42,34,13354.830,3,0.000000,0.000000,0.00,9999.999,9999.999000000000,4.00
22,07,21,03,47,28,13648.220,5,51.888577,-6.630030,98.25,0.050,0.000000796661,4.02
22,07,21,03,52,34,13954.750,4,51.891224,-6.632131,98.00,0.095,0.000002608289,4.02
22,07,21,03,57,34,14254.515,4,51.889721,-6.630342,98.00,-0.345,0.000001324920,4.00
22,07,21,04,02,27,14547.705,5,51.890261,-6.630350,15.50,-0.610,0.000000472393,4.02
22,07,21,04,07,24,14844.700,8,51.893932,-6.628153,47.75,-0.430,0.000002472269,4.02
22,07,21,04,12,25,15145.710,7,51.915559,-6.645580,41.00,-0.205,0.000002372269,4.00
22,07,21,04,17,26,15446.215,10,51.907765,-6.662620,54.75,0.075,0.000003482119,4.02
22,07,21,04,22,26,15746.215,6,51.899333,-6.707310,52.25,0.355,0.000002239157,4.02
22,07,21,04,27,26,16046.185,6,51.865771,-6.697280,-45.50,0.340,0.000004081695,4.02
22,07,21,04,32,26,16346.720,6,51.835151,-6.680742,42.50,-0.055,0.000002138892,4.02
22,07,21,04,37,27,16647.705,8,51.811824,-6.654422,51.50,-0.485,0.000002356570,4.02
22,07,21,04,42,27,16947.215,7,51.818555,-6.636848,88.75,-0.255,0.000001774868,4.02
22,07,21,04,47,27,17247.215,6,51.831584,-6.638002,43.75,0.330,0.000001512650,4.02
22,07,21,04,52,27,17547.720,7,51.855762,-6.642137,62.00,9999.999,0.000001998976,4.02
22,07,21,04,57,29,17849.240,6,51.879829,-6.639333,44.00,-0.020,0.000000993386,4.02
22,07,21,05,02,28,18148.730,6,51.899449,-6.615584,50.75,-0.190,0.000000738320,4.02
22,07,21,05,07,40,18460.810,3,0.000000,0.000000,0.00,9999.999,9999.999000000000,4.02
22,07,21,05,12,32,18752.910,4,51.917615,-6.604097,50.00,-0.265,0.000000281191,4.02
22,07,21,05,17,41,19061.735,2,0.000000,0.000000,0.00,9999.999,9999.999000000000,4.00
22,07,21,05,22,41,19361.735,3,0.000000,0.000000,0.00,9999.999,9999.999000000000,4.02
22,07,21,05,27,31,19651.235,6,51.920402,-6.606281,55.00,0.035,0.000001865363,4.00
22,07,21,05,32,30,19950.225,6,51.928481,-6.608899,52.50,0.380,0.000002480460,4.02
22,07,21,05,37,30,20250.730,7,51.935017,-6.615210,41.75,0.150,0.000003985487,4.02
22,07,21,05,42,42,20562.150,2,0.000000,0.000000,0.00,9999.999,9999.999000000000,4.02
22,07,21,05,47,42,20862.150,3,0.000000,0.000000,0.00,9999.999,9999.999000000000,4.00
22,07,21,05,52,46,21166.150,2,0.000000,0.000000,0.00,9999.999,9999.999000000000,4.00
22,07,21,05,57,34,21454.730,9,51.951129,-6.641302,50.75,-0.385,0.000004894373,4.00
22,07,21,06,02,35,21755.215,6,51.952903,-6.639912,12.00,9999.999,0.000005046100,4.00
22,07,21,06,07,35,22055.245,7,51.953765,-6.635215,55.25,0.230,0.000005251610,4.00
22,07,21,06,12,47,22367.230,1,0.000000,0.000000,0.00,9999.999,9999.999000000000,4.00
22,07,21,06,17,46,22666.470,4,51.953473,-6.627517,55.00,9999.999,0.000000139125,4.00
22,07,21,06,22,47,22967.230,0,0.000000,0.000000,0.00,9999.999,9999.999000000000,4.00
22,07,21,06,27,52,23272.690,4,51.953910,-6.618301,55.00,-0.420,0.000000170668,4.00
22,07,21,06,32,55,23575.580,0,0.000000,0.000000,0.00,9999.999,9999.999000000000,4.00
22,07,21,06,37,55,23875.580,3,0.000000,0.000000,0.00,9999.999,9999.999000000000,4.00
22,07,21,06,42,55,24175.500,5,51.954848,-6.604492,36.00,-0.230,0.000000225553,4.00
22,07,21,06,47,44,24464.240,9,51.958691,-6.621436,48.50,0.465,0.000006872848,4.00
22,07,21,06,52,56,24776.465,0,0.000000,0.000000,0.00,9999.999,9999.999000000000,4.00
22,07,21,06,57,56,25076.465,1,0.000000,0.000000,0.00,9999.999,9999.999000000000,4.00
22,07,21,07,02,56,25376.465,0,0.000000,0.000000,0.00,9999.999,9999.999000000000,4.00
22,07,21,07,07,56,25676.465,0,0.000000,0.000000,0.00,9999.999,9999.999000000000,4.00
22,07,21,07,12,51,25971.995,5,51.965472,-6.638298,44.75,0.465,0.000000880618,4.00
22,07,21,07,17,55,26275.485,4,51.966270,-6.640003,44.00,-0.260,0.000000142476,4.00
22,07,21,07,22,55,26575.740,0,0.000000,0.000000,0.00,9999.999,9999.999000000000,3.98
22,07,21,07,27,55,26875.740,2,0.000000,0.000000,0.00,9999.999,9999.999000000000,4.00
22,07,21,07,32,55,27175.740,0,0.000000,0.000000,0.00,9999.999,9999.999000000000,4.00
22,07,21,07,37,55,27475.740,0,0.000000,0.000000,0.00,9999.999,9999.999000000000,4.00
22,07,21,07,42,55,27775.740,0,0.000000,0.000000,0.00,9999.999,9999.999000000000,4.00
22,07,21,07,47,55,28075.740,0,0.000000,0.000000,0.00,9999.999,9999.999000000000,4.00
22,07,21,07,52,55,28375.740,3,0.000000,0.000000,0.00,9999.999,9999.999000000000,4.00
22,07,21,07,57,55,28675.740,0,0.000000,0.000000,0.00,9999.999,9999.999000000000,4.00
22,07,21,08,02,55,28975.740,0,0.000000,0.000000,0.00,9999.999,9999.999000000000,4.00
22,07,21,08,07,55,29275.740,0,0.000000,0.000000,0.00,9999.999,9999.999000000000,4.00
22,07,21,08,12,55,29575.740,0,0.000000,0.000000,0.00,9999.999,9999.999000000000,4.00
22,07,21,08,17,55,29875.740,0,0.000000,0.000000,0.00,9999.999,9999.999000000000,4.00
22,07,21,08,22,55,30175.740,0,0.000000,0.000000,0.00,9999.999,9999.999000000000,4.00
22,07,21,08,27,44,30464.760,7,51.956202,-6.632943,51.00,-0.740,0.000003466000,4.00
22,07,21,08,32,45,30765.270,9,51.941294,-6.599199,39.25,-0.225,0.000005197157,4.00
22,07,21,08,37,56,31076.775,0,0.000000,0.000000,0.00,9999.999,9999.999000000000,4.00
22,07,21,08,42,45,31365.765,10,51.940792,-6.573243,46.00,9999.999,0.000005132437,3.98
22,07,21,08,47,46,31666.255,7,51.950285,-6.563253,49.00,0.010,0.000005518374,4.00
22,07,21,08,53,25,32005.010,1,0.000000,0.000000,0.00,9999.999,9999.999000000000,4.00
22,07,21,08,58,25,32305.010,0,0.000000,0.000000,0.00,9999.999,9999.999000000000,4.00
22,07,21,09,03,25,32605.010,0,0.000000,0.000000,0.00,9999.999,9999.999000000000,4.00
22,07,21,09,08,29,32909.010,1,0.000000,0.000000,0.00,9999.999,9999.999000000000,4.00
22,07,21,09,13,29,33209.010,0,0.000000,0.000000,0.00,9999.999,9999.999000000000,3.98
22,07,21,09,18,17,33497.270,7,51.965810,-6.566350,32.50,0.380,0.000003681728,3.98
22,07,21,09,23,29,33809.380,0,0.000000,0.000000,0.00,9999.999,9999.999000000000,3.98
22,07,21,09,28,32,34112.380,0,0.000000,0.000000,0.00,9999.999,9999.999000000000,3.98
22,07,21,09,33,20,34400.780,9,51.967704,-6.565589,56.50,0.210,0.000003290419,4.00
22,07,21,09,38,33,34713.210,0,0.000000,0.000000,0.00,9999.999,9999.999000000000,3.98
22,07,21,09,43,24,35004.750,5,51.966257,-6.563498,55.75,-0.320,0.000000295229,4.00
22,07,21,09,48,33,35313.680,2,0.000000,0.000000,0.00,9999.999,9999.999000000000,4.00
22,07,21,09,53,33,35613.680,0,0.000000,0.000000,0.00,9999.999,9999.999000000000,3.98
22,07,21,09,58,33,35913.680,0,0.000000,0.000000,0.00,9999.999,9999.999000000000,3.98
22,07,21,10,03,22,36202.260,7,51.963414,-6.566025,52.75,9999.999,0.000004919175,3.98
22,07,21,10,08,22,36502.270,10,51.968811,-6.554059,78.50,0.265,0.000010777988,3.98
22,07,21,10,13,34,36814.265,0,0.000000,0.000000,0.00,9999.999,9999.999000000000,3.98
22,07,21,10,18,34,37114.265,0,0.000000,0.000000,0.00,9999.999,9999.999000000000,3.98
22,07,21,10,23,34,37414.265,0,0.000000,0.000000,0.00,9999.999,9999.999000000000,3.98
22,07,21,10,28,34,37714.265,0,0.000000,0.000000,0.00,9999.999,9999.999000000000,3.98
22,07,21,10,33,34,38014.265,0,0.000000,0.000000,0.00,9999.999,9999.999000000000,3.98
22,07,21,10,38,34,38314.265,0,0.000000,0.000000,0.00,9999.999,9999.999000000000,3.98
22,07,21,10,43,34,38614.265,0,0.000000,0.000000,0.00,9999.999,9999.999000000000,3.98
22,07,21,10,48,22,38902.765,9,51.955583,-6.558489,67.25,9999.999,0.000006116846,3.98
22,07,21,10,53,35,39215.265,2,0.000000,0.000000,0.00,9999.999,9999.999000000000,3.98
22,07,21,10,58,35,39515.715,4,51.956154,-6.561378,67.00,-0.260,0.000000530933,3.98
22,07,21,11,03,45,39825.740,1,0.000000,0.000000,0.00,9999.999,9999.999000000000,3.98
22,07,21,11,08,38,40118.790,6,51.951313,-6.579047,46.75,-0.510,0.000003062206,3.98
22,07,21,11,13,47,40427.290,6,51.950005,-6.578924,31.25,-0.085,0.000001534714,3.98
22,07,21,11,18,48,40728.915,2,0.000000,0.000000,0.00,9999.999,9999.999000000000,3.98
22,07,21,11,23,52,41032.915,2,0.000000,0.000000,0.00,9999.999,9999.999000000000,3.98
22,07,21,11,28,55,41335.915,2,0.000000,0.000000,0.00,9999.999,9999.999000000000,3.98
22,07,21,11,33,55,41635.915,2,0.000000,0.000000,0.00,9999.999,9999.999000000000,3.98
22,07,21,11,38,55,41935.915,2,0.000000,0.000000,0.00,9999.999,9999.999000000000,3.98
22,07,21,11,43,59,42239.915,0,0.000000,0.000000,0.00,9999.999,9999.999000000000,3.98
22,07,21,11,48,59,42539.915,0,0.000000,0.000000,0.00,9999.999,9999.999000000000,3.98
22,07,21,11,54,00,42840.915,0,0.000000,0.000000,0.00,9999.999,9999.999000000000,3.98
22,07,21,11,59,00,43140.915,0,0.000000,0.000000,0.00,9999.999,9999.999000000000,3.98
22,07,21,12,04,00,43440.915,1,0.000000,0.000000,0.00,9999.999,9999.999000000000,3.96
22,07,21,12,09,00,43740.915,0,0.000000,0.000000,0.00,9999.999,9999.999000000000,3.96
22,07,21,12,14,00,44040.915,0,0.000000,0.000000,0.00,9999.999,9999.999000000000,3.98
22,07,21,12,19,01,44341.915,0,0.000000,0.000000,0.00,9999.999,9999.999000000000,3.96
22,07,21,12,23,53,44633.775,4,51.928432,-6.600893,31.00,0.245,0.000000070763,3.96
22,07,21,12,29,03,44943.245,2,0.000000,0.000000,0.00,9999.999,9999.999000000000,3.98
22,07,21,12,34,03,45243.245,2,0.000000,0.000000,0.00,9999.999,9999.999000000000,3.98
22,07,21,12,39,03,45543.245,0,0.000000,0.000000,0.00,9999.999,9999.999000000000,3.96
22,07,21,12,44,03,45843.245,1,0.000000,0.000000,0.00,9999.999,9999.999000000000,3.96
22,07,21,12,49,03,46143.245,0,0.000000,0.000000,0.00,9999.999,9999.999000000000,3.96
22,07,21,12,54,03,46443.245,0,0.000000,0.000000,0.00,9999.999,9999.999000000000,3.96
22,07,21,12,59,03,46743.245,0,0.000000,0.000000,0.00,9999.999,9999.999000000000,3.96
22,07,21,13,04,03,47043.245,0,0.000000,0.000000,0.00,9999.999,9999.999000000000,3.96
22,07,21,13,08,51,47331.315,7,51.911321,-6.629484,50.25,0.210,0.000001970121,3.98
22,07,21,13,13,51,47631.320,8,51.916687,-6.644821,52.75,0.300,0.000002971323,3.96
22,07,21,13,19,02,47942.500,4,51.918377,-6.648972,52.00,-0.045,0.000000193545,3.96
22,07,21,13,23,51,48231.815,9,51.924168,-6.652793,47.25,-0.515,0.000003182148,3.96
22,07,21,13,29,02,48542.835,5,51.925490,-6.660036,52.25,-0.410,0.000001233539,3.96
22,07,21,13,34,04,48844.590,1,0.000000,0.000000,0.00,9999.999,9999.999000000000,3.96
22,07,21,13,39,04,49144.590,0,0.000000,0.000000,0.00,9999.999,9999.999000000000,3.96
22,07,21,13,43,53,49433.320,8,51.927657,-6.669189,54.25,0.130,0.000004472457,3.96
22,07,21,13,49,05,49745.130,1,0.000000,0.000000,0.00,9999.999,9999.999000000000,3.96
22,07,21,13,54,05,50045.130,2,0.000000,0.000000,0.00,9999.999,9999.999000000000,3.96
22,07,21,13,59,05,50345.130,2,0.000000,0.000000,0.00,9999.999,9999.999000000000,3.96
22,07,21,14,03,53,50633.830,9,51.942664,-6.708592,52.00,9999.999,0.000003740712,3.96
22,07,21,14,09,02,50942.310,5,51.944614,-6.710593,9.50,0.070,0.000002157593,3.96
22,07,21,14,13,56,51236.330,7,51.944507,-6.711350,45.00,0.290,0.000002968464,3.94
22,07,21,14,19,08,51548.290,0,0.000000,0.000000,0.00,9999.999,9999.999000000000,3.96
22,07,21,14,24,08,51848.290,2,0.000000,0.000000,0.00,9999.999,9999.999000000000,3.96
22,07,21,14,29,12,52152.290,0,0.000000,0.000000,0.00,9999.999,9999.999000000000,3.96
22,07,21,14,34,18,52458.290,0,0.000000,0.000000,0.00,9999.999,9999.999000000000,3.96
22,07,21,14,39,19,52759.290,0,0.000000,0.000000,0.00,9999.999,9999.999000000000,3.96
22,07,21,14,44,19,53059.290,0,0.000000,0.000000,0.00,9999.999,9999.999000000000,3.96
22,07,21,14,51,19,53479.290,0,0.000000,0.000000,0.00,9999.999,9999.999000000000,3.96
22,07,21,14,57,50,53870.390,10,51.952023,-6.723997,48.75,0.470,0.000006356255,3.96
22,07,21,15,02,59,54179.810,4,51.954781,-6.729085,48.00,0.190,0.000000578490,3.96
22,07,21,15,08,02,54482.190,2,0.000000,0.000000,0.00,9999.999,9999.999000000000,3.96
22,07,21,15,13,06,54786.190,0,0.000000,0.000000,0.00,9999.999,9999.999000000000,3.96
22,07,21,15,18,06,55086.190,0,0.000000,0.000000,0.00,9999.999,9999.999000000000,3.96
22,07,21,15,23,06,55386.190,0,0.000000,0.000000,0.00,9999.999,9999.999000000000,3.96
22,07,21,15,28,06,55686.190,0,0.000000,0.000000,0.00,9999.999,9999.999000000000,3.96
22,07,21,15,33,06,55986.190,3,0.000000,0.000000,0.00,9999.999,9999.999000000000,3.94
22,07,21,15,38,06,56286.190,0,0.000000,0.000000,0.00,9999.999,9999.999000000000,3.94
22,07,21,15,42,54,56574.850,7,51.976126,-6.746621,54.50,-0.310,0.000005743855,3.96
22,07,21,15,48,22,56902.690,0,0.000000,0.000000,0.00,9999.999,9999.999000000000,3.96
22,07,21,15,53,13,57193.840,6,51.979285,-6.747956,88.75,-0.405,0.000003504968,3.94
22,07,21,15,58,23,57503.595,0,0.000000,0.000000,0.00,9999.999,9999.999000000000,3.94
22,07,21,16,03,23,57803.595,0,0.000000,0.000000,0.00,9999.999,9999.999000000000,3.94
22,07,21,16,08,23,58103.595,0,0.000000,0.000000,0.00,9999.999,9999.999000000000,3.94
22,07,21,16,13,27,58407.915,5,51.986301,-6.746479,24.75,-0.170,0.000000426679,3.94
22,07,21,16,18,29,58709.830,0,0.000000,0.000000,0.00,9999.999,9999.999000000000,3.94
22,07,21,16,23,51,59031.830,0,0.000000,0.000000,0.00,9999.999,9999.999000000000,3.94
22,07,21,16,28,51,59331.830,0,0.000000,0.000000,0.00,9999.999,9999.999000000000,3.94
22,07,21,16,33,51,59631.830,2,0.000000,0.000000,0.00,9999.999,9999.999000000000,3.94
22,07,21,16,38,51,59931.830,2,0.000000,0.000000,0.00,9999.999,9999.999000000000,3.94
22,07,21,16,43,49,60229.550,4,52.000564,-6.737407,24.00,0.350,0.000001237092,3.94
22,07,21,16,48,52,60532.530,4,51.999066,-6.728668,24.00,0.800,0.000000159678,3.94
22,07,21,16,53,52,60832.800,3,0.000000,0.000000,0.00,9999.999,9999.999000000000,3.94
22,07,21,16,58,52,61132.800,0,0.000000,0.000000,0.00,9999.999,9999.999000000000,3.94
22,07,21,17,03,52,61432.800,0,0.000000,0.000000,0.00,9999.999,9999.999000000000,3.92
22,07,21,17,08,52,61732.800,0,0.000000,0.000000,0.00,9999.999,9999.999000000000,3.94
22,07,21,17,13,52,62032.800,0,0.000000,0.000000,0.00,9999.999,9999.999000000000,3.94
22,07,21,17,18,52,62332.800,0,0.000000,0.000000,0.00,9999.999,9999.999000000000,3.92
22,07,21,17,23,52,62632.800,0,0.000000,0.000000,0.00,9999.999,9999.999000000000,3.94
22,07,21,17,28,52,62932.800,0,0.000000,0.000000,0.00,9999.999,9999.999000000000,3.94
22,07,21,17,33,52,63232.800,0,0.000000,0.000000,0.00,9999.999,9999.999000000000,3.92
22,07,21,17,38,57,63537.800,0,0.000000,0.000000,0.00,9999.999,9999.999000000000,3.92
22,07,21,17,43,57,63837.800,0,0.000000,0.000000,0.00,9999.999,9999.999000000000,3.94
22,07,21,17,48,57,64137.800,0,0.000000,0.000000,0.00,9999.999,9999.999000000000,3.92
22,07,21,17,53,57,64437.800,0,0.000000,0.000000,0.00,9999.999,9999.999000000000,3.92
22,07,21,17,58,57,64737.800,0,0.000000,0.000000,0.00,9999.999,9999.999000000000,3.92
22,07,21,18,03,57,65037.800,0,0.000000,0.000000,0.00,9999.999,9999.999000000000,3.92
22,07,21,18,08,45,65325.870,9,52.001979,-6.680197,59.00,9999.999,0.000002408064,3.92
22,07,21,18,13,58,65638.800,1,0.000000,0.000000,0.00,9999.999,9999.999000000000,3.92
22,07,21,18,18,58,65938.800,0,0.000000,0.000000,0.00,9999.999,9999.999000000000,3.92
22,07,21,18,23,57,66237.000,4,52.031522,-6.647954,59.00,-0.565,0.000000677781,3.92
22,07,21,18,28,55,66535.005,5,52.018935,-6.651934,82.25,9999.999,0.000000401942,3.92
22,07,21,18,33,57,66837.435,0,0.000000,0.000000,0.00,9999.999,9999.999000000000,3.92
22,07,21,18,38,46,67126.375,7,52.019247,-6.639662,50.75,0.190,0.000001756867,3.92
22,07,21,18,43,58,67438.190,3,0.000000,0.000000,0.00,9999.999,9999.999000000000,3.94
22,07,21,18,48,58,67738.190,0,0.000000,0.000000,0.00,9999.999,9999.999000000000,3.92
22,07,21,18,53,46,68026.390,7,52.049627,-6.624807,64.75,0.760,0.000003688454,3.92
22,07,21,18,58,46,68326.380,9,52.075971,-6.629951,56.50,0.670,0.000003111370,3.92
22,07,21,19,03,46,68626.890,8,52.104280,-6.657685,64.50,0.090,0.000003505307,3.92
22,07,21,19,08,47,68927.380,7,52.128331,-6.667508,63.00,9999.999,0.000003332927,3.92
22,07,21,19,13,55,69235.410,4,52.128477,-6.667846,63.00,0.395,0.000000933920,3.92
22,07,21,19,18,54,69534.495,4,52.126983,-6.666773,63.00,0.605,0.000000354743,3.92
22,07,21,19,23,56,69836.495,5,52.126361,-6.665676,94.50,0.600,0.000000250848,3.92
22,07,21,19,28,50,70130.860,4,52.125700,-6.665288,94.00,0.175,0.000000249695,3.92
22,07,21,19,33,49,70429.405,5,52.124796,-6.665290,39.25,-0.080,0.000000555932,3.92
22,07,21,19,38,58,70738.360,4,52.124026,-6.664231,39.00,0.255,0.000001517394,3.92
22,07,21,19,43,52,71032.435,4,52.122911,-6.664859,39.00,0.565,0.000000308402,3.92
22,07,21,19,48,48,71328.885,7,52.127137,-6.667668,82.25,0.315,0.000001269883,3.92
22,07,21,19,53,49,71629.885,6,52.154580,-6.675267,67.25,-0.240,0.000004329380,3.92
22,07,21,19,58,56,71936.760,3,0.000000,0.000000,0.00,9999.999,9999.999000000000,3.92
22,07,21,20,04,01,72241.760,1,0.000000,0.000000,0.00,9999.999,9999.999000000000,3.92
22,07,21,20,09,00,72540.760,3,0.000000,0.000000,0.00,9999.999,9999.999000000000,3.92
22,07,21,20,14,02,72842.300,4,52.168385,-6.660325,67.00,-0.185,0.000000628350,3.92
22,07,21,20,19,01,73141.815,3,0.000000,0.000000,0.00,9999.999,9999.999000000000,3.92
22,07,21,20,23,51,73431.875,5,52.160888,-6.669464,63.00,0.115,0.000000567646,3.92
22,07,21,20,28,59,73739.995,4,52.160370,-6.669373,63.00,0.085,0.000000731748,3.92
22,07,21,20,34,00,74040.985,4,0.000000,0.000000,0.00,9999.999,9999.999000000000,3.92
22,07,21,20,39,00,74340.985,4,0.000000,0.000000,0.00,9999.999,9999.999000000000,3.92
22,07,21,20,44,00,74640.485,4,52.159347,-6.669309,63.00,0.225,0.000001215269,3.92
22,07,21,20,48,52,74932.825,4,52.159462,-6.670108,63.00,0.225,0.000000128700,3.92
22,07,21,20,54,02,75242.125,4,0.000000,0.000000,0.00,9999.999,9999.999000000000,3.90
22,07,21,20,59,04,75544.225,3,0.000000,0.000000,0.00,9999.999,9999.999000000000,3.90
22,07,21,21,04,04,75844.225,2,0.000000,0.000000,0.00,9999.999,9999.999000000000,3.90
22,07,21,21,09,01,76141.495,5,52.157883,-6.670059,34.25,0.160,0.000001588314,3.92
22,07,21,21,14,00,76440.060,4,52.157022,-6.669480,34.00,0.245,0.000001341954,3.92
22,07,21,21,19,02,76742.945,4,52.153426,-6.664740,34.00,0.045,0.000001768194,3.90
22,07,21,21,23,53,77033.915,6,52.142400,-6.648939,39.25,-0.170,0.000002319776,3.90
22,07,21,21,28,54,77334.400,8,52.143073,-6.647743,54.00,0.050,0.000005188422,3.92
22,07,21,21,34,06,77646.050,0,0.000000,0.000000,0.00,9999.999,9999.999000000000,3.90
22,07,21,21,39,06,77946.050,0,0.000000,0.000000,0.00,9999.999,9999.999000000000,3.90
22,07,21,21,44,06,78246.050,0,0.000000,0.000000,0.00,9999.999,9999.999000000000,3.90
22,07,21,21,48,54,78534.400,7,52.137085,-6.648749,54.50,0.510,0.000002014728,3.90
22,07,21,21,54,04,78844.960,5,52.134012,-6.651365,59.50,0.410,0.000000292114,3.90
22,07,21,21,59,07,79147.410,0,0.000000,0.000000,0.00,9999.999,9999.999000000000,3.90
22,07,21,22,04,07,79447.410,1,0.000000,0.000000,0.00,9999.999,9999.999000000000,3.90
22,07,21,22,09,07,79747.410,0,0.000000,0.000000,0.00,9999.999,9999.999000000000,3.90
22,07,21,22,14,07,80047.410,0,0.000000,0.000000,0.00,9999.999,9999.999000000000,3.90
22,07,21,22,19,07,80347.410,0,0.000000,0.000000,0.00,9999.999,9999.999000000000,3.90
22,07,21,22,24,07,80647.410,0,0.000000,0.000000,0.00,9999.999,9999.999000000000,3.90
22,07,21,22,29,07,80947.410,0,0.000000,0.000000,0.00,9999.999,9999.999000000000,3.90
22,07,21,22,34,07,81247.410,0,0.000000,0.000000,0.00,9999.999,9999.999000000000,3.90
22,07,21,22,39,07,81547.410,0,0.000000,0.000000,0.00,9999.999,9999.999000000000,3.90
22,07,21,22,44,07,81847.410,0,0.000000,0.000000,0.00,9999.999,9999.999000000000,3.90
22,07,21,22,48,55,82135.930,7,52.139664,-6.680093,48.75,-0.105,0.000003061473,3.90
22,07,21,22,54,07,82447.895,0,0.000000,0.000000,0.00,9999.999,9999.999000000000,3.90
22,07,21,22,59,07,82747.895,0,0.000000,0.000000,0.00,9999.999,9999.999000000000,3.90
22,07,21,23,04,07,83047.895,0,0.000000,0.000000,0.00,9999.999,9999.999000000000,3.90
22,07,21,23,09,07,83347.895,0,0.000000,0.000000,0.00,9999.999,9999.999000000000,3.90
22,07,21,23,14,07,83647.895,0,0.000000,0.000000,0.00,9999.999,9999.999000000000,3.90
22,07,21,23,19,07,83947.895,2,0.000000,0.000000,0.00,9999.999,9999.999000000000,3.90
22,07,21,23,24,07,84247.995,4,52.131917,-6.689866,48.00,-0.295,0.000000836172,3.90
22,07,21,23,29,07,84547.505,4,52.131609,-6.691239,48.00,-0.345,0.000000151091,3.90
22,07,21,23,34,07,84847.505,5,52.131348,-6.692558,37.50,-0.020,0.000000612271,3.90
22,07,21,23,39,07,85147.980,2,0.000000,0.000000,0.00,9999.999,9999.999000000000,3.90
22,07,21,23,44,07,85447.980,2,0.000000,0.000000,0.00,9999.999,9999.999000000000,3.90
22,07,21,23,49,07,85747.510,4,52.130828,-6.696175,48.00,9999.999,0.000000636353,3.88
22,07,21,23,54,07,86047.000,5,52.130726,-6.697468,54.00,-0.245,0.000000788523,3.88
22,07,21,23,59,07,86347.755,1,0.000000,0.000000,0.00,9999.999,9999.999000000000,3.88
23,07,21,00,03,56,236.435,7,52.134132,-6.673057,41.50,0.105,0.000003798750,3.88
23,07,21,00,08,56,536.935,8,52.138900,-6.625749,34.25,0.360,0.000002786836,3.88
23,07,21,00,14,09,849.360,3,0.000000,0.000000,0.00,9999.999,9999.999000000000,3.88
23,07,21,00,19,09,1149.360,0,0.000000,0.000000,0.00,9999.999,9999.999000000000,3.90
23,07,21,00,24,08,1448.990,4,52.143752,-6.612113,34.00,0.090,0.000002198946,3.90
23,07,21,00,29,09,1749.090,0,0.000000,0.000000,0.00,9999.999,9999.999000000000,3.88
23,07,21,00,34,09,2049.090,3,0.000000,0.000000,0.00,9999.999,9999.999000000000,3.88
23,07,21,00,39,09,2349.090,0,0.000000,0.000000,0.00,9999.999,9999.999000000000,3.88
23,07,21,00,44,09,2649.090,0,0.000000,0.000000,0.00,9999.999,9999.999000000000,3.90
23,07,21,00,49,00,2940.950,4,52.141640,-6.606651,34.00,-0.165,0.000000151170,3.88
23,07,21,00,54,09,3249.835,0,0.000000,0.000000,0.00,9999.999,9999.999000000000,3.88
23,07,21,00,59,09,3549.835,2,0.000000,0.000000,0.00,9999.999,9999.999000000000,3.88
23,07,21,01,04,09,3849.835,0,0.000000,0.000000,0.00,9999.999,9999.999000000000,3.88
23,07,21,01,09,09,4149.835,0,0.000000,0.000000,0.00,9999.999,9999.999000000000,3.88
23,07,21,01,14,09,4449.835,0,0.000000,0.000000,0.00,9999.999,9999.999000000000,3.88
23,07,21,01,19,09,4749.835,0,0.000000,0.000000,0.00,9999.999,9999.999000000000,3.88
23,07,21,01,24,09,5049.835,0,0.000000,0.000000,0.00,9999.999,9999.999000000000,3.88
23,07,21,01,29,09,5349.835,0,0.000000,0.000000,0.00,9999.999,9999.999000000000,3.88
23,07,21,01,34,09,5649.835,0,0.000000,0.000000,0.00,9999.999,9999.999000000000,3.88
23,07,21,01,38,58,5938.955,10,52.140686,-6.595752,60.25,-0.175,0.000004475157,3.88
23,07,21,01,44,10,6250.825,1,0.000000,0.000000,0.00,9999.999,9999.999000000000,3.88
23,07,21,01,49,10,6550.825,0,0.000000,0.000000,0.00,9999.999,9999.999000000000,3.88
23,07,21,01,54,10,6850.825,0,0.000000,0.000000,0.00,9999.999,9999.999000000000,3.88
23,07,21,01,59,10,7150.825,0,0.000000,0.000000,0.00,9999.999,9999.999000000000,3.88
23,07,21,02,04,10,7450.825,1,0.000000,0.000000,0.00,9999.999,9999.999000000000,3.88
23,07,21,02,09,10,7750.825,0,0.000000,0.000000,0.00,9999.999,9999.999000000000,3.88
23,07,21,02,14,10,8050.825,0,0.000000,0.000000,0.00,9999.999,9999.999000000000,3.88
23,07,21,02,19,10,8350.825,0,0.000000,0.000000,0.00,9999.999,9999.999000000000,3.88
23,07,21,02,24,10,8650.825,0,0.000000,0.000000,0.00,9999.999,9999.999000000000,3.88
23,07,21,02,29,10,8950.825,1,0.000000,0.000000,0.00,9999.999,9999.999000000000,3.88
23,07,21,02,34,10,9250.825,0,0.000000,0.000000,0.00,9999.999,9999.999000000000,3.88
23,07,21,02,39,10,9550.825,0,0.000000,0.000000,0.00,9999.999,9999.999000000000,3.88
23,07,21,02,44,10,9850.825,0,0.000000,0.000000,0.00,9999.999,9999.999000000000,3.88
23,07,21,02,48,59,10139.465,8,52.153501,-6.568941,62.75,0.205,0.000004140394,3.88
23,07,21,02,54,11,10451.205,0,0.000000,0.000000,0.00,9999.999,9999.999000000000,3.88
23,07,21,02,59,11,10751.205,0,0.000000,0.000000,0.00,9999.999,9999.999000000000,3.88
23,07,21,03,04,11,11051.205,0,0.000000,0.000000,0.00,9999.999,9999.999000000000,3.88
23,07,21,03,08,59,11339.475,9,52.155047,-6.544476,55.75,0.660,0.000002197835,3.88
23,07,21,03,14,11,11651.660,2,0.000000,0.000000,0.00,9999.999,9999.999000000000,3.88
23,07,21,03,19,11,11951.660,2,0.000000,0.000000,0.00,9999.999,9999.999000000000,3.88
23,07,21,03,23,59,12239.480,7,52.170226,-6.518454,65.75,0.705,0.000002721813,3.88
23,07,21,03,28,59,12539.475,9,52.184641,-6.481154,58.00,0.500,0.000002922563,3.88
23,07,21,03,33,59,12839.980,8,52.182947,-6.433971,58.50,0.125,0.000003529456,3.88
23,07,21,03,39,00,13140.975,8,52.172814,-6.390031,53.25,-0.210,0.000004399575,3.88
23,07,21,03,44,00,13440.480,9,52.163911,-6.345340,46.75,0.060,0.000003298381,3.86
23,07,21,03,49,11,13752.000,4,52.167351,-6.316940,46.00,0.375,0.000001350404,3.88
23,07,21,03,54,12,14052.375,0,0.000000,0.000000,0.00,9999.999,9999.999000000000,3.88
23,07,21,03,59,12,14352.375,0,0.000000,0.000000,0.00,9999.999,9999.999000000000,3.88
23,07,21,04,04,12,14652.375,0,0.000000,0.000000,0.00,9999.999,9999.999000000000,3.88
23,07,21,04,09,12,14952.375,0,0.000000,0.000000,0.00,9999.999,9999.999000000000,3.88
23,07,21,04,14,12,15252.375,0,0.000000,0.000000,0.00,9999.999,9999.999000000000,3.88
23,07,21,04,19,12,15552.375,0,0.000000,0.000000,0.00,9999.999,9999.999000000000,3.88
23,07,21,04,24,12,15852.375,0,0.000000,0.000000,0.00,9999.999,9999.999000000000,3.88
23,07,21,04,29,12,16152.375,0,0.000000,0.000000,0.00,9999.999,9999.999000000000,3.88
23,07,21,04,34,12,16452.375,0,0.000000,0.000000,0.00,9999.999,9999.999000000000,3.88
23,07,21,04,39,12,16752.375,0,0.000000,0.000000,0.00,9999.999,9999.999000000000,3.88
23,07,21,04,44,17,17057.375,0,0.000000,0.000000,0.00,9999.999,9999.999000000000,3.86
23,07,21,04,49,17,17357.375,0,0.000000,0.000000,0.00,9999.999,9999.999000000000,3.86
23,07,21,04,54,17,17657.015,4,52.212675,-6.252477,46.00,0.165,0.000000278574,3.88
23,07,21,04,59,05,17945.505,7,52.212163,-6.252583,45.75,0.155,0.000003537874,3.86
23,07,21,05,04,07,18247.005,6,52.186421,-6.260976,53.50,0.250,0.000002545978,3.88
23,07,21,05,09,18,18558.250,1,0.000000,0.000000,0.00,9999.999,9999.999000000000,3.86
23,07,21,05,14,18,18858.250,1,0.000000,0.000000,0.00,9999.999,9999.999000000000,3.86
23,07,21,05,19,18,19158.000,4,52.199969,-6.248389,53.00,0.050,0.000000666528,3.86
23,07,21,05,24,07,19447.010,9,52.193916,-6.252945,56.25,-0.095,0.000005638331,3.88
23,07,21,05,29,07,19747.505,7,52.177039,-6.270657,57.00,0.185,0.000004920674,3.88
23,07,21,05,34,19,20059.185,3,0.000000,0.000000,0.00,9999.999,9999.999000000000,3.88
23,07,21,05,39,07,20347.525,6,52.147609,-6.276546,50.00,0.655,0.000002152924,3.88
23,07,21,05,44,07,20647.545,7,52.146161,-6.299922,74.75,0.770,0.000003533190,3.86
23,07,21,05,49,07,20947.510,8,52.131092,-6.307337,48.00,0.585,0.000005637560,3.86
23,07,21,05,54,20,21260.385,4,52.106583,-6.319476,48.00,0.855,0.000000384019,3.88
23,07,21,05,59,07,21547.525,8,52.115821,-6.320218,60.00,9999.999,0.000004465356,3.86
23,07,21,06,04,31,21871.855,1,0.000000,0.000000,0.00,9999.999,9999.999000000000,3.86
23,07,21,06,09,19,22159.525,7,52.119342,-6.291929,52.50,0.525,0.000003531680,3.86
23,07,21,06,14,20,22460.005,6,52.122506,-6.281083,28.25,0.100,0.000001282656,3.86
23,07,21,06,19,22,22762.030,6,52.124838,-6.270278,69.50,-0.195,0.000004562464,3.86
23,07,21,06,24,32,23072.805,0,0.000000,0.000000,0.00,9999.999,9999.999000000000,3.86
23,07,21,06,29,44,23384.805,0,0.000000,0.000000,0.00,9999.999,9999.999000000000,3.86
23,07,21,06,34,34,23674.015,9,52.134145,-6.242527,44.75,-0.125,0.000001940609,3.86
23,07,21,06,39,44,23984.875,1,0.000000,0.000000,0.00,9999.999,9999.999000000000,3.86
23,07,21,06,44,44,24284.875,0,0.000000,0.000000,0.00,9999.999,9999.999000000000,3.86
23,07,21,06,49,44,24584.875,3,0.000000,0.000000,0.00,9999.999,9999.999000000000,3.86
23,07,21,06,54,44,24884.875,0,0.000000,0.000000,0.00,9999.999,9999.999000000000,3.86
23,07,21,06,59,44,25184.875,0,0.000000,0.000000,0.00,9999.999,9999.999000000000,3.86
23,07,21,07,04,44,25484.875,2,0.000000,0.000000,0.00,9999.999,9999.999000000000,3.86
23,07,21,07,09,44,25784.875,0,0.000000,0.000000,0.00,9999.999,9999.999000000000,3.86
23,07,21,07,14,44,26084.875,0,0.000000,0.000000,0.00,9999.999,9999.999000000000,3.86
23,07,21,07,19,44,26384.875,0,0.000000,0.000000,0.00,9999.999,9999.999000000000,3.86
23,07,21,07,24,44,26684.875,0,0.000000,0.000000,0.00,9999.999,9999.999000000000,3.86
23,07,21,07,29,44,26984.875,0,0.000000,0.000000,0.00,9999.999,9999.999000000000,3.86
23,07,21,07,34,33,27273.545,9,52.157859,-6.201147,43.00,0.315,0.000004343653,3.86
23,07,21,07,39,33,27573.535,9,52.154635,-6.193193,49.50,0.760,0.000004417570,3.86
23,07,21,07,44,45,27885.760,2,0.000000,0.000000,0.00,9999.999,9999.999000000000,3.86
23,07,21,07,49,45,28185.760,0,0.000000,0.000000,0.00,9999.999,9999.999000000000,3.86
23,07,21,07,54,45,28485.760,0,0.000000,0.000000,0.00,9999.999,9999.999000000000,3.86
23,07,21,08,00,29,28829.760,0,0.000000,0.000000,0.00,9999.999,9999.999000000000,3.86
23,07,21,08,05,29,29129.760,0,0.000000,0.000000,0.00,9999.999,9999.999000000000,3.86
23,07,21,08,10,55,29455.760,0,0.000000,0.000000,0.00,9999.999,9999.999000000000,3.86
23,07,21,08,17,55,29875.760,0,0.000000,0.000000,0.00,9999.999,9999.999000000000,3.86
23,07,21,08,22,59,30179.760,0,0.000000,0.000000,0.00,9999.999,9999.999000000000,3.86
23,07,21,08,29,59,30599.760,0,0.000000,0.000000,0.00,9999.999,9999.999000000000,3.86
23,07,21,08,35,43,30943.760,0,0.000000,0.000000,0.00,9999.999,9999.999000000000,3.86
23,07,21,08,41,34,31294.760,0,0.000000,0.000000,0.00,9999.999,9999.999000000000,3.86
23,07,21,08,48,34,31714.760,0,0.000000,0.000000,0.00,9999.999,9999.999000000000,3.86
23,07,21,08,55,34,32134.760,0,0.000000,0.000000,0.00,9999.999,9999.999000000000,3.86
23,07,21,09,00,53,32453.760,0,0.000000,0.000000,0.00,9999.999,9999.999000000000,3.86
23,07,21,09,05,53,32753.760,0,0.000000,0.000000,0.00,9999.999,9999.999000000000,3.86
23,07,21,09,10,53,33053.760,0,0.000000,0.000000,0.00,9999.999,9999.999000000000,3.86
23,07,21,09,15,54,33354.760,0,0.000000,0.000000,0.00,9999.999,9999.999000000000,3.86
23,07,21,09,20,54,33654.760,0,0.000000,0.000000,0.00,9999.999,9999.999000000000,3.86
23,07,21,09,25,54,33954.760,0,0.000000,0.000000,0.00,9999.999,9999.999000000000,3.86
23,07,21,09,30,59,34259.760,0,0.000000,0.000000,0.00,9999.999,9999.999000000000,3.86
23,07,21,09,35,59,34559.760,0,0.000000,0.000000,0.00,9999.999,9999.999000000000,3.86
23,07,21,09,40,48,34848.070,10,52.177485,-6.160077,52.50,0.525,0.000004838601,3.86
23,07,21,09,46,05,35165.525,0,0.000000,0.000000,0.00,9999.999,9999.999000000000,3.86
23,07,21,09,51,05,35465.525,0,0.000000,0.000000,0.00,9999.999,9999.999000000000,3.86
23,07,21,09,56,05,35765.525,0,0.000000,0.000000,0.00,9999.999,9999.999000000000,3.86
23,07,21,10,00,57,36057.075,5,52.171522,-6.161043,30.50,-0.045,0.000001041536,3.86
23,07,21,10,06,26,36386.955,0,0.000000,0.000000,0.00,9999.999,9999.999000000000,3.86
23,07,21,10,11,57,36717.955,0,0.000000,0.000000,0.00,9999.999,9999.999000000000,3.86
23,07,21,10,17,09,37029.955,0,0.000000,0.000000,0.00,9999.999,9999.999000000000,3.86
23,07,21,10,21,59,37319.075,9,52.162498,-6.174431,24.00,-0.210,0.000004888344,3.86
23,07,21,10,26,59,37619.580,10,52.152590,-6.178481,37.75,0.245,0.000004150106,3.86
23,07,21,10,32,16,37936.245,3,0.000000,0.000000,0.00,9999.999,9999.999000000000,3.86
23,07,21,10,39,16,38356.245,0,0.000000,0.000000,0.00,9999.999,9999.999000000000,3.86
23,07,21,10,44,16,38656.245,0,0.000000,0.000000,0.00,9999.999,9999.999000000000,3.83
23,07,21,10,49,16,38956.245,0,0.000000,0.000000,0.00,9999.999,9999.999000000000,3.86
23,07,21,10,54,16,39256.245,0,0.000000,0.000000,0.00,9999.999,9999.999000000000,3.86
23,07,21,10,59,20,39560.245,0,0.000000,0.000000,0.00,9999.999,9999.999000000000,3.83
23,07,21,11,04,20,39860.245,0,0.000000,0.000000,0.00,9999.999,9999.999000000000,3.86
23,07,21,11,09,20,40160.245,0,0.000000,0.000000,0.00,9999.999,9999.999000000000,3.86
23,07,21,11,14,20,40460.245,0,0.000000,0.000000,0.00,9999.999,9999.999000000000,3.83
23,07,21,11,19,20,40760.245,0,0.000000,0.000000,0.00,9999.999,9999.999000000000,3.86
23,07,21,11,24,20,41060.245,0,0.000000,0.000000,0.00,9999.999,9999.999000000000,3.86
23,07,21,11,29,20,41360.245,0,0.000000,0.000000,0.00,9999.999,9999.999000000000,3.86
23,07,21,11,34,20,41660.245,0,0.000000,0.000000,0.00,9999.999,9999.999000000000,3.83
23,07,21,11,39,20,41960.245,0,0.000000,0.000000,0.00,9999.999,9999.999000000000,3.83
23,07,21,11,44,20,42260.245,0,0.000000,0.000000,0.00,9999.999,9999.999000000000,3.83
23,07,21,11,49,20,42560.245,0,0.000000,0.000000,0.00,9999.999,9999.999000000000,3.86
23,07,21,11,54,20,42860.245,0,0.000000,0.000000,0.00,9999.999,9999.999000000000,3.83
23,07,21,11,59,20,43160.245,0,0.000000,0.000000,0.00,9999.999,9999.999000000000,3.83
23,07,21,12,04,20,43460.245,0,0.000000,0.000000,0.00,9999.999,9999.999000000000,3.83
23,07,21,12,09,20,43760.245,0,0.000000,0.000000,0.00,9999.999,9999.999000000000,3.83
23,07,21,12,14,20,44060.245,0,0.000000,0.000000,0.00,9999.999,9999.999000000000,3.83
23,07,21,12,19,20,44360.245,0,0.000000,0.000000,0.00,9999.999,9999.999000000000,3.83
23,07,21,12,24,08,44648.615,9,52.098681,-6.265875,50.00,0.825,0.000002647921,3.83
23,07,21,12,29,11,44951.615,6,52.108086,-6.255797,43.25,0.905,0.000000584261,3.86
23,07,21,12,34,50,45290.905,2,0.000000,0.000000,0.00,9999.999,9999.999000000000,3.83
23,07,21,12,40,09,45609.905,2,0.000000,0.000000,0.00,9999.999,9999.999000000000,3.83
23,07,21,12,45,11,45911.905,0,0.000000,0.000000,0.00,9999.999,9999.999000000000,3.83
23,07,21,12,50,11,46211.905,0,0.000000,0.000000,0.00,9999.999,9999.999000000000,3.83
23,07,21,12,55,11,46511.105,4,52.088929,-6.281416,43.00,0.400,0.000001923694,3.83
23,07,21,13,00,11,46811.400,0,0.000000,0.000000,0.00,9999.999,9999.999000000000,3.83
23,07,21,13,04,59,47099.620,7,52.075256,-6.302087,47.75,9999.999,0.000002354794,3.83
23,07,21,13,10,00,47400.120,7,52.083706,-6.304641,53.50,0.370,0.000001163857,3.83
23,07,21,13,15,39,47739.230,4,52.080231,-6.309040,53.00,0.160,0.000000195937,3.83
23,07,21,13,21,50,48110.160,1,0.000000,0.000000,0.00,9999.999,9999.999000000000,3.83
23,07,21,13,26,50,48410.160,0,0.000000,0.000000,0.00,9999.999,9999.999000000000,3.83
23,07,21,13,31,50,48710.160,0,0.000000,0.000000,0.00,9999.999,9999.999000000000,3.83
23,07,21,13,36,50,49010.160,0,0.000000,0.000000,0.00,9999.999,9999.999000000000,3.83
23,07,21,13,41,50,49310.160,0,0.000000,0.000000,0.00,9999.999,9999.999000000000,3.83
23,07,21,13,46,50,49610.160,0,0.000000,0.000000,0.00,9999.999,9999.999000000000,3.83
23,07,21,13,51,50,49910.160,0,0.000000,0.000000,0.00,9999.999,9999.999000000000,3.83
23,07,21,13,56,50,50210.160,0,0.000000,0.000000,0.00,9999.999,9999.999000000000,3.83
23,07,21,14,01,49,50509.970,4,52.058851,-6.362104,53.00,-0.005,0.000000505945,3.83
23,07,21,14,06,49,50809.995,1,0.000000,0.000000,0.00,9999.999,9999.999000000000,3.83
23,07,21,14,11,49,51109.995,0,0.000000,0.000000,0.00,9999.999,9999.999000000000,3.83
23,07,21,14,16,49,51409.995,0,0.000000,0.000000,0.00,9999.999,9999.999000000000,3.83
23,07,21,14,21,49,51709.995,0,0.000000,0.000000,0.00,9999.999,9999.999000000000,3.83
23,07,21,14,26,49,52009.995,0,0.000000,0.000000,0.00,9999.999,9999.999000000000,3.83
23,07,21,14,31,39,52299.135,9,52.063429,-6.421294,48.50,-0.030,0.000004231764,3.83
23,07,21,14,36,47,52607.670,6,52.069018,-6.451572,64.00,0.390,0.000001744126,3.83
23,07,21,14,41,39,52899.140,9,52.063273,-6.476148,55.00,0.615,0.000006882932,3.83
23,07,21,14,46,39,53199.655,8,52.036019,-6.496979,68.00,0.510,0.000004328128,3.83
23,07,21,14,52,15,53535.170,5,52.006420,-6.502362,64.50,0.360,0.000000758634,3.83
23,07,21,14,57,06,53826.640,9,51.994873,-6.516509,57.50,0.330,0.000006033169,3.83
23,07,21,15,02,06,54126.640,10,51.993886,-6.522881,57.50,0.625,0.000005207597,3.83
23,07,21,15,07,10,54430.135,5,51.988981,-6.527217,-16.75,0.535,0.000000853744,3.83
23,07,21,15,12,20,54740.535,0,0.000000,0.000000,0.00,9999.999,9999.999000000000,3.83
23,07,21,15,17,20,55040.535,0,0.000000,0.000000,0.00,9999.999,9999.999000000000,3.83
23,07,21,15,22,20,55340.535,1,0.000000,0.000000,0.00,9999.999,9999.999000000000,3.83
23,07,21,15,27,20,55640.535,0,0.000000,0.000000,0.00,9999.999,9999.999000000000,3.83
23,07,21,15,32,20,55940.535,0,0.000000,0.000000,0.00,9999.999,9999.999000000000,3.83
23,07,21,15,37,20,56240.535,0,0.000000,0.000000,0.00,9999.999,9999.999000000000,3.83
23,07,21,15,42,19,56539.975,4,51.992877,-6.537219,-16.00,0.010,0.000002010167,3.83
23,07,21,15,47,20,56840.010,1,0.000000,0.000000,0.00,9999.999,9999.999000000000,3.83
23,07,21,15,52,20,57140.010,0,0.000000,0.000000,0.00,9999.999,9999.999000000000,3.83
23,07,21,15,57,20,57440.010,0,0.000000,0.000000,0.00,9999.999,9999.999000000000,3.83
23,07,21,16,02,20,57740.010,1,0.000000,0.000000,0.00,9999.999,9999.999000000000,3.83
23,07,21,16,07,08,58028.650,9,51.998789,-6.538508,65.50,9999.999,0.000004087784,3.83
23,07,21,16,12,20,58340.010,2,0.000000,0.000000,0.00,9999.999,9999.999000000000,3.83
23,07,21,16,17,08,58628.670,8,51.988808,-6.571637,62.50,0.660,0.000003345782,3.83
23,07,21,16,22,53,58973.660,2,0.000000,0.000000,0.00,9999.999,9999.999000000000,3.83
23,07,21,16,27,53,59273.660,1,0.000000,0.000000,0.00,9999.999,9999.999000000000,3.83
23,07,21,16,32,53,59573.660,0,0.000000,0.000000,0.00,9999.999,9999.999000000000,3.83
23,07,21,16,37,53,59873.660,0,0.000000,0.000000,0.00,9999.999,9999.999000000000,3.83
23,07,21,16,42,45,60165.170,5,51.984451,-6.559655,49.00,9999.999,0.000001830283,3.83
23,07,21,16,47,54,60474.660,1,0.000000,0.000000,0.00,9999.999,9999.999000000000,3.83
23,07,21,16,52,54,60774.660,0,0.000000,0.000000,0.00,9999.999,9999.999000000000,3.83
23,07,21,16,57,54,61074.660,0,0.000000,0.000000,0.00,9999.999,9999.999000000000,3.83
23,07,21,17,02,54,61374.660,0,0.000000,0.000000,0.00,9999.999,9999.999000000000,3.83
23,07,21,17,07,43,61663.160,7,52.003345,-6.547329,73.50,0.165,0.000005360551,3.83
23,07,21,17,12,43,61963.675,8,52.015720,-6.544405,56.75,9999.999,0.000003077269,3.83
23,07,21,17,17,44,62264.175,6,52.015910,-6.545647,27.25,0.425,0.000002010742,3.83
23,07,21,17,22,44,62564.665,10,52.016670,-6.537897,60.75,0.550,0.000006357922,3.83
23,07,21,17,27,44,62864.660,6,52.015672,-6.515120,73.25,0.725,0.000003259065,3.83
23,07,21,17,33,07,63187.415,4,52.011062,-6.509119,73.00,0.625,0.000004700323,3.83
23,07,21,17,37,55,63475.665,6,52.024704,-6.496526,61.00,0.490,0.000000927693,3.83
23,07,21,17,42,55,63775.680,6,52.046810,-6.480520,54.75,0.605,0.000001125770,3.83
23,07,21,17,48,05,64085.175,5,52.066750,-6.469140,66.75,0.485,0.000000872027,3.83
23,07,21,17,53,06,64386.005,4,52.068429,-6.464446,66.00,0.530,0.000000476046,3.83
23,07,21,17,57,56,64676.690,6,52.083941,-6.443349,69.00,0.870,0.000000991339,3.81
23,07,21,18,03,08,64988.870,2,0.000000,0.000000,0.00,9999.999,9999.999000000000,3.83
23,07,21,18,08,05,65285.570,5,52.087092,-6.413159,0.00,0.800,0.000000836228,3.83
23,07,21,18,13,08,65588.800,1,0.000000,0.000000,0.00,9999.999,9999.999000000000,3.83
23,07,21,18,17,57,65877.200,6,52.085315,-6.402161,72.00,0.350,0.000001832078,3.83
23,07,21,18,23,10,66190.350,0,0.000000,0.000000,0.00,9999.999,9999.999000000000,3.83
23,07,21,18,29,22,66562.350,0,0.000000,0.000000,0.00,9999.999,9999.999000000000,3.83
23,07,21,18,34,22,66862.350,0,0.000000,0.000000,0.00,9999.999,9999.999000000000,3.83
23,07,21,18,41,15,67275.350,0,0.000000,0.000000,0.00,9999.999,9999.999000000000,3.83
23,07,21,18,46,15,67575.350,0,0.000000,0.000000,0.00,9999.999,9999.999000000000,3.83
23,07,21,18,51,15,67875.350,0,0.000000,0.000000,0.00,9999.999,9999.999000000000,3.83
23,07,21,18,56,15,68175.350,3,0.000000,0.000000,0.00,9999.999,9999.999000000000,3.81
23,07,21,19,01,03,68463.690,8,52.102216,-6.361690,60.50,0.220,0.000003318618,3.81
23,07,21,19,06,15,68775.220,3,0.000000,0.000000,0.00,9999.999,9999.999000000000,3.81
23,07,21,19,11,15,69075.220,2,0.000000,0.000000,0.00,9999.999,9999.999000000000,3.83
23,07,21,19,16,12,69372.940,5,52.117342,-6.340422,160.00,0.750,0.000000533748,3.83
23,07,21,19,21,03,69663.690,7,52.118280,-6.349621,55.00,1.080,0.000002340828,3.83
23,07,21,19,26,03,69963.700,9,52.112477,-6.335336,54.25,0.860,0.000003468667,3.83
23,07,21,19,31,15,70275.860,0,0.000000,0.000000,0.00,9999.999,9999.999000000000,3.81
23,07,21,19,36,15,70575.860,0,0.000000,0.000000,0.00,9999.999,9999.999000000000,3.81
23,07,21,19,41,15,70875.860,2,0.000000,0.000000,0.00,9999.999,9999.999000000000,3.81
23,07,21,19,46,15,71175.860,0,0.000000,0.000000,0.00,9999.999,9999.999000000000,3.81
23,07,21,19,51,03,71463.710,7,52.122997,-6.319858,57.50,0.595,0.000002969983,3.83
23,07,21,19,56,03,71763.695,7,52.125862,-6.313686,70.00,0.570,0.000002544833,3.81
23,07,21,20,01,03,72063.710,9,52.138526,-6.336594,54.50,0.690,0.000003962803,3.83
23,07,21,20,06,15,72375.690,3,0.000000,0.000000,0.00,9999.999,9999.999000000000,3.83
23,07,21,20,11,13,72673.180,5,52.149943,-6.355100,78.50,0.505,0.000000563772,3.83
23,07,21,20,16,03,72963.695,6,52.153557,-6.365398,77.00,0.345,0.000001290238,3.83
23,07,21,20,21,03,73263.705,8,52.160295,-6.406015,62.00,0.620,0.000004337195,3.81
23,07,21,20,26,03,73563.710,9,52.165509,-6.453771,61.75,0.845,0.000005282224,3.83
23,07,21,20,31,12,73872.495,5,52.170765,-6.482152,38.75,0.715,0.000000531756,3.81
23,07,21,20,36,04,74164.195,7,52.171875,-6.485547,43.75,0.280,0.000001870668,3.81
23,07,21,20,41,16,74476.280,0,0.000000,0.000000,0.00,9999.999,9999.999000000000,3.81
23,07,21,20,46,16,74776.280,0,0.000000,0.000000,0.00,9999.999,9999.999000000000,3.81
23,07,21,20,51,16,75076.280,0,0.000000,0.000000,0.00,9999.999,9999.999000000000,3.81
23,07,21,20,56,16,75376.280,0,0.000000,0.000000,0.00,9999.999,9999.999000000000,3.81
23,07,21,21,01,04,75664.720,8,52.170605,-6.517316,51.00,0.240,0.000001044264,3.81
23,07,21,21,06,16,75976.240,0,0.000000,0.000000,0.00,9999.999,9999.999000000000,3.83
23,07,21,21,11,16,76276.240,0,0.000000,0.000000,0.00,9999.999,9999.999000000000,3.81
23,07,21,21,16,16,76576.240,0,0.000000,0.000000,0.00,9999.999,9999.999000000000,3.81
23,07,21,21,21,15,76875.950,4,52.167895,-6.521330,51.00,0.315,0.000000190058,3.81
23,07,21,21,26,16,77176.315,0,0.000000,0.000000,0.00,9999.999,9999.999000000000,3.83
23,07,21,21,31,16,77476.315,0,0.000000,0.000000,0.00,9999.999,9999.999000000000,3.81
23,07,21,21,36,16,77776.315,0,0.000000,0.000000,0.00,9999.999,9999.999000000000,3.81
23,07,21,21,41,16,78076.315,0,0.000000,0.000000,0.00,9999.999,9999.999000000000,3.83
23,07,21,21,46,16,78376.315,0,0.000000,0.000000,0.00,9999.999,9999.999000000000,3.81
23,07,21,21,51,16,78676.315,0,0.000000,0.000000,0.00,9999.999,9999.999000000000,3.81
23,07,21,21,56,16,78976.315,0,0.000000,0.000000,0.00,9999.999,9999.999000000000,3.81
23,07,21,22,01,16,79276.315,0,0.000000,0.000000,0.00,9999.999,9999.999000000000,3.81
23,07,21,22,06,13,79573.415,5,52.166982,-6.553004,82.50,0.220,0.000000345766,3.81
23,07,21,22,11,04,79864.730,8,52.162538,-6.590282,47.25,0.525,0.000006392447,3.81
23,07,21,22,16,16,80176.525,3,0.000000,0.000000,0.00,9999.999,9999.999000000000,3.81
23,07,21,22,21,13,80473.495,5,52.144190,-6.596414,52.75,0.765,0.000001277566,3.81
23,07,21,22,26,16,80776.765,0,0.000000,0.000000,0.00,9999.999,9999.999000000000,3.81
23,07,21,22,31,16,81076.765,0,0.000000,0.000000,0.00,9999.999,9999.999000000000,3.81
23,07,21,22,36,16,81376.765,0,0.000000,0.000000,0.00,9999.999,9999.999000000000,3.81
23,07,21,22,41,05,81665.245,8,52.140907,-6.597459,54.50,0.490,0.000003130153,3.81
23,07,21,22,46,17,81977.490,0,0.000000,0.000000,0.00,9999.999,9999.999000000000,3.81
23,07,21,22,51,17,82277.490,0,0.000000,0.000000,0.00,9999.999,9999.999000000000,3.81
23,07,21,22,56,17,82577.490,0,0.000000,0.000000,0.00,9999.999,9999.999000000000,3.81
23,07,21,23,01,17,82877.490,0,0.000000,0.000000,0.00,9999.999,9999.999000000000,3.81
23,07,21,23,06,17,83177.490,0,0.000000,0.000000,0.00,9999.999,9999.999000000000,3.81
23,07,21,23,11,17,83477.490,0,0.000000,0.000000,0.00,9999.999,9999.999000000000,3.81
23,07,21,23,16,17,83777.490,1,0.000000,0.000000,0.00,9999.999,9999.999000000000,3.81
23,07,21,23,21,17,84077.490,1,0.000000,0.000000,0.00,9999.999,9999.999000000000,3.81
23,07,21,23,26,17,84377.490,0,0.000000,0.000000,0.00,9999.999,9999.999000000000,3.81
23,07,21,23,31,17,84677.490,0,0.000000,0.000000,0.00,9999.999,9999.999000000000,3.81
23,07,21,23,36,17,84977.490,0,0.000000,0.000000,0.00,9999.999,9999.999000000000,3.81
23,07,21,23,41,17,85277.490,3,0.000000,0.000000,0.00,9999.999,9999.999000000000,3.81
23,07,21,23,46,16,85576.760,8,52.145628,-6.607652,41.50,0.365,0.000003030321,3.81
23,07,21,23,51,16,85876.905,4,52.141745,-6.597494,41.00,0.270,0.000000052903,3.81
23,07,21,23,56,14,86174.520,5,52.141653,-6.597785,33.25,0.165,0.000000609464,3.81
24,07,21,00,01,17,77.165,1,0.000000,0.000000,0.00,9999.999,9999.999000000000,3.81
24,07,21,00,06,17,377.165,1,0.000000,0.000000,0.00,9999.999,9999.999000000000,3.81
24,07,21,00,11,17,677.165,0,0.000000,0.000000,0.00,9999.999,9999.999000000000,3.81
24,07,21,00,16,17,977.165,0,0.000000,0.000000,0.00,9999.999,9999.999000000000,3.81
24,07,21,00,21,17,1277.165,0,0.000000,0.000000,0.00,9999.999,9999.999000000000,3.81
24,07,21,00,26,06,1566.275,7,52.140799,-6.594445,40.25,0.345,0.000000734211,3.81
24,07,21,00,31,18,1878.015,4,52.140366,-6.595065,40.00,0.235,0.000000778142,3.81
24,07,21,00,36,10,2170.275,5,52.141142,-6.594574,41.25,0.090,0.000000121570,3.81
24,07,21,00,41,18,2478.510,5,52.140822,-6.595122,34.75,0.320,0.000001434288,3.81
24,07,21,00,46,19,2779.320,1,0.000000,0.000000,0.00,9999.999,9999.999000000000,3.81
24,07,21,00,51,19,3079.320,0,0.000000,0.000000,0.00,9999.999,9999.999000000000,3.81
24,07,21,00,56,19,3379.320,1,0.000000,0.000000,0.00,9999.999,9999.999000000000,3.81
24,07,21,01,01,07,3667.780,8,52.141555,-6.594200,56.50,0.760,0.000004346461,3.81
24,07,21,01,06,19,3979.760,2,0.000000,0.000000,0.00,9999.999,9999.999000000000,3.81
24,07,21,01,11,19,4279.760,0,0.000000,0.000000,0.00,9999.999,9999.999000000000,3.81
24,07,21,01,16,19,4579.760,0,0.000000,0.000000,0.00,9999.999,9999.999000000000,3.81
24,07,21,01,21,19,4879.760,0,0.000000,0.000000,0.00,9999.999,9999.999000000000,3.81
24,07,21,01,26,19,5179.760,0,0.000000,0.000000,0.00,9999.999,9999.999000000000,3.81
24,07,21,01,31,19,5479.760,0,0.000000,0.000000,0.00,9999.999,9999.999000000000,3.81
24,07,21,01,36,19,5779.760,0,0.000000,0.000000,0.00,9999.999,9999.999000000000,3.81
24,07,21,01,41,19,6079.760,0,0.000000,0.000000,0.00,9999.999,9999.999000000000,3.81
24,07,21,01,46,19,6379.760,0,0.000000,0.000000,0.00,9999.999,9999.999000000000,3.81
24,07,21,01,51,19,6679.760,0,0.000000,0.000000,0.00,9999.999,9999.999000000000,3.81
24,07,21,01,56,19,6979.760,0,0.000000,0.000000,0.00,9999.999,9999.999000000000,3.81
24,07,21,02,01,19,7279.760,0,0.000000,0.000000,0.00,9999.999,9999.999000000000,3.81
24,07,21,02,06,19,7579.760,1,0.000000,0.000000,0.00,9999.999,9999.999000000000,3.81
24,07,21,02,11,19,7879.760,0,0.000000,0.000000,0.00,9999.999,9999.999000000000,3.81
24,07,21,02,16,19,8179.760,1,0.000000,0.000000,0.00,9999.999,9999.999000000000,3.81
24,07,21,02,21,19,8479.760,0,0.000000,0.000000,0.00,9999.999,9999.999000000000,3.79
24,07,21,02,26,19,8779.760,0,0.000000,0.000000,0.00,9999.999,9999.999000000000,3.81
24,07,21,02,31,19,9079.290,4,52.138202,-6.599593,56.00,0.755,0.000002185296,3.81
24,07,21,02,36,19,9379.755,0,0.000000,0.000000,0.00,9999.999,9999.999000000000,3.81
24,07,21,02,41,19,9679.755,0,0.000000,0.000000,0.00,9999.999,9999.999000000000,3.81
24,07,21,02,46,19,9979.755,0,0.000000,0.000000,0.00,9999.999,9999.999000000000,3.81
24,07,21,02,51,19,10279.755,0,0.000000,0.000000,0.00,9999.999,9999.999000000000,3.81
24,07,21,02,56,19,10579.755,0,0.000000,0.000000,0.00,9999.999,9999.999000000000,3.81
24,07,21,03,01,19,10879.755,0,0.000000,0.000000,0.00,9999.999,9999.999000000000,3.81
24,07,21,03,06,19,11179.755,0,0.000000,0.000000,0.00,9999.999,9999.999000000000,3.81
24,07,21,03,11,19,11479.755,0,0.000000,0.000000,0.00,9999.999,9999.999000000000,3.81
24,07,21,03,16,19,11779.755,0,0.000000,0.000000,0.00,9999.999,9999.999000000000,3.81
24,07,21,03,21,19,12079.755,0,0.000000,0.000000,0.00,9999.999,9999.999000000000,3.81
24,07,21,03,26,19,12379.755,1,0.000000,0.000000,0.00,9999.999,9999.999000000000,3.79
24,07,21,03,31,19,12679.755,0,0.000000,0.000000,0.00,9999.999,9999.999000000000,3.79
24,07,21,03,36,19,12979.755,3,0.000000,0.000000,0.00,9999.999,9999.999000000000,3.81
24,07,21,03,41,07,13267.795,6,52.118772,-6.570093,46.25,0.540,0.000001496095,3.79
24,07,21,03,46,11,13571.300,5,52.103722,-6.541186,43.25,0.440,0.000001002088,3.79
24,07,21,03,51,08,13868.810,7,52.099666,-6.532970,53.25,0.505,0.000001482543,3.81
24,07,21,03,56,09,14169.805,6,52.075516,-6.507223,48.25,0.840,0.000002270777,3.79
24,07,21,04,01,20,14480.840,0,0.000000,0.000000,0.00,9999.999,9999.999000000000,3.81
24,07,21,04,06,20,14780.840,3,0.000000,0.000000,0.00,9999.999,9999.999000000000,3.79
24,07,21,04,11,20,15080.840,0,0.000000,0.000000,0.00,9999.999,9999.999000000000,3.79
24,07,21,04,16,20,15380.840,0,0.000000,0.000000,0.00,9999.999,9999.999000000000,3.79
24,07,21,04,21,20,15680.840,0,0.000000,0.000000,0.00,9999.999,9999.999000000000,3.79
24,07,21,04,26,20,15980.840,0,0.000000,0.000000,0.00,9999.999,9999.999000000000,3.79
24,07,21,04,31,20,16280.840,0,0.000000,0.000000,0.00,9999.999,9999.999000000000,3.79
24,07,21,04,36,20,16580.840,0,0.000000,0.000000,0.00,9999.999,9999.999000000000,3.81
24,07,21,04,41,20,16880.840,0,0.000000,0.000000,0.00,9999.999,9999.999000000000,3.79
24,07,21,04,46,20,17180.040,4,52.045547,-6.474264,48.00,0.590,0.000000364376,3.79
24,07,21,04,51,20,17480.590,0,0.000000,0.000000,0.00,9999.999,9999.999000000000,3.79
24,07,21,04,56,20,17780.590,0,0.000000,0.000000,0.00,9999.999,9999.999000000000,3.79
24,07,21,05,01,20,18080.590,1,0.000000,0.000000,0.00,9999.999,9999.999000000000,3.79
24,07,21,05,06,20,18380.590,2,0.000000,0.000000,0.00,9999.999,9999.999000000000,3.79
24,07,21,05,11,20,18680.590,0,0.000000,0.000000,0.00,9999.999,9999.999000000000,3.79
24,07,21,05,16,08,18968.840,7,52.049695,-6.464062,47.25,9999.999,0.000002950793,3.79
24,07,21,05,21,20,19280.590,2,0.000000,0.000000,0.00,9999.999,9999.999000000000,3.79
24,07,21,05,26,08,19568.830,6,52.043888,-6.467504,65.00,0.835,0.000001715620,3.79
24,07,21,05,31,08,19868.795,6,52.038815,-6.459450,-8.25,0.935,0.000001760022,3.79
24,07,21,05,36,08,20168.835,6,52.036722,-6.455522,36.00,0.865,0.000002839413,3.79
24,07,21,05,41,19,20479.975,4,52.032197,-6.459442,36.00,0.370,0.000000456785,3.79
24,07,21,05,46,20,20780.370,1,0.000000,0.000000,0.00,9999.999,9999.999000000000,3.79
24,07,21,05,51,20,21080.370,1,0.000000,0.000000,0.00,9999.999,9999.999000000000,3.79
24,07,21,05,56,09,21369.350,7,52.013788,-6.452619,55.50,-0.085,0.000001652371,3.79
24,07,21,06,01,12,21672.835,10,52.019518,-6.473026,42.25,0.365,0.000004850362,3.79
24,07,21,06,06,13,21973.365,6,52.021208,-6.473011,72.75,0.825,0.000003881937,3.79
24,07,21,06,11,25,22285.825,2,0.000000,0.000000,0.00,9999.999,9999.999000000000,3.79
24,07,21,06,16,25,22585.825,2,0.000000,0.000000,0.00,9999.999,9999.999000000000,3.79
24,07,21,06,21,25,22885.825,0,0.000000,0.000000,0.00,9999.999,9999.999000000000,3.79
24,07,21,06,26,25,23185.825,0,0.000000,0.000000,0.00,9999.999,9999.999000000000,3.79
24,07,21,06,31,25,23485.825,2,0.000000,0.000000,0.00,9999.999,9999.999000000000,3.79
24,07,21,06,36,25,23785.825,3,0.000000,0.000000,0.00,9999.999,9999.999000000000,3.79
24,07,21,06,41,25,24085.825,0,0.000000,0.000000,0.00,9999.999,9999.999000000000,3.79
24,07,21,06,46,36,24396.825,0,0.000000,0.000000,0.00,9999.999,9999.999000000000,3.79
24,07,21,06,51,36,24696.825,0,0.000000,0.000000,0.00,9999.999,9999.999000000000,3.79
24,07,21,06,56,36,24996.825,0,0.000000,0.000000,0.00,9999.999,9999.999000000000,3.79
24,07,21,07,01,36,25296.825,0,0.000000,0.000000,0.00,9999.999,9999.999000000000,3.77
24,07,21,07,06,36,25596.825,0,0.000000,0.000000,0.00,9999.999,9999.999000000000,3.79
24,07,21,07,11,36,25896.825,0,0.000000,0.000000,0.00,9999.999,9999.999000000000,3.79
24,07,21,07,16,36,26196.825,0,0.000000,0.000000,0.00,9999.999,9999.999000000000,3.79
24,07,21,07,21,36,26496.825,0,0.000000,0.000000,0.00,9999.999,9999.999000000000,3.79
24,07,21,07,26,36,26796.825,0,0.000000,0.000000,0.00,9999.999,9999.999000000000,3.79
24,07,21,07,31,36,27096.825,0,0.000000,0.000000,0.00,9999.999,9999.999000000000,3.79
24,07,21,07,36,25,27385.375,9,52.037744,-6.408647,57.00,0.600,0.000004582209,3.79
24,07,21,07,41,57,27717.600,1,0.000000,0.000000,0.00,9999.999,9999.999000000000,3.79
24,07,21,07,46,57,28017.600,0,0.000000,0.000000,0.00,9999.999,9999.999000000000,3.79
24,07,21,07,52,08,28328.600,0,0.000000,0.000000,0.00,9999.999,9999.999000000000,3.79
24,07,21,07,57,08,28628.600,0,0.000000,0.000000,0.00,9999.999,9999.999000000000,3.79
24,07,21,08,02,08,28928.600,0,0.000000,0.000000,0.00,9999.999,9999.999000000000,3.79
24,07,21,08,07,08,29228.600,1,0.000000,0.000000,0.00,9999.999,9999.999000000000,3.79
24,07,21,08,12,49,29569.600,1,0.000000,0.000000,0.00,9999.999,9999.999000000000,3.79
24,07,21,08,18,06,29886.600,0,0.000000,0.000000,0.00,9999.999,9999.999000000000,3.79
24,07,21,08,22,54,30174.870,7,52.027392,-6.418415,37.50,0.510,0.000002518018,3.79
24,07,21,08,28,06,30486.510,3,0.000000,0.000000,0.00,9999.999,9999.999000000000,3.79
24,07,21,08,33,06,30786.510,0,0.000000,0.000000,0.00,9999.999,9999.999000000000,3.79
24,07,21,08,38,06,31086.510,0,0.000000,0.000000,0.00,9999.999,9999.999000000000,3.79
24,07,21,08,43,00,31380.420,6,52.028814,-6.415035,42.50,0.600,0.000001160675,3.79
24,07,21,08,48,09,31689.900,6,52.029610,-6.412657,69.25,0.705,0.000000839881,3.79
24,07,21,08,53,11,31991.705,0,0.000000,0.000000,0.00,9999.999,9999.999000000000,3.79
24,07,21,08,58,00,32280.895,8,52.024772,-6.425046,59.75,0.950,0.000002961021,3.79
24,07,21,09,03,11,32591.950,0,0.000000,0.000000,0.00,9999.999,9999.999000000000,3.79
24,07,21,09,08,11,32891.950,0,0.000000,0.000000,0.00,9999.999,9999.999000000000,3.77
24,07,21,09,13,09,33189.510,5,52.028380,-6.423441,66.00,0.825,0.000002711283,3.79
24,07,21,09,18,11,33491.825,0,0.000000,0.000000,0.00,9999.999,9999.999000000000,3.79
24,07,21,09,23,00,33780.395,9,52.029048,-6.420427,49.50,0.390,0.000002603696,3.79
24,07,21,09,27,59,34079.900,8,52.041248,-6.417386,60.25,0.430,0.000001745856,3.79
24,07,21,09,32,59,34379.890,8,52.037133,-6.442771,37.00,0.915,0.000006566727,3.77
24,07,21,09,38,11,34691.915,3,0.000000,0.000000,0.00,9999.999,9999.999000000000,3.79
24,07,21,09,43,03,34983.385,5,52.018803,-6.449198,36.25,0.880,0.000000529457,3.77
24,07,21,09,48,12,35292.880,3,0.000000,0.000000,0.00,9999.999,9999.999000000000,3.77
24,07,21,09,53,10,35590.880,6,52.010078,-6.459759,15.25,0.615,0.000000507853,3.77
24,07,21,09,58,01,35881.395,10,52.000009,-6.492397,50.50,0.505,0.000005394964,3.77
24,07,21,10,03,13,36193.505,3,0.000000,0.000000,0.00,9999.999,9999.999000000000,3.77
24,07,21,10,08,39,36519.505,0,0.000000,0.000000,0.00,9999.999,9999.999000000000,3.79
24,07,21,10,13,39,36819.505,0,0.000000,0.000000,0.00,9999.999,9999.999000000000,3.77
24,07,21,10,18,41,37121.505,0,0.000000,0.000000,0.00,9999.999,9999.999000000000,3.77
24,07,21,10,23,41,37421.505,0,0.000000,0.000000,0.00,9999.999,9999.999000000000,3.79
24,07,21,10,28,41,37721.505,0,0.000000,0.000000,0.00,9999.999,9999.999000000000,3.77
24,07,21,10,33,41,38021.505,1,0.000000,0.000000,0.00,9999.999,9999.999000000000,3.77
24,07,21,10,38,41,38321.505,0,0.000000,0.000000,0.00,9999.999,9999.999000000000,3.77
24,07,21,10,45,37,38737.505,0,0.000000,0.000000,0.00,9999.999,9999.999000000000,3.77
24,07,21,10,50,37,39037.505,0,0.000000,0.000000,0.00,9999.999,9999.999000000000,3.77
24,07,21,10,55,26,39326.415,8,51.998116,-6.495610,43.00,0.350,0.000004258442,3.77
24,07,21,11,00,30,39630.410,5,51.998711,-6.492673,-5.00,0.335,0.000000970961,3.77
24,07,21,11,05,39,39939.335,0,0.000000,0.000000,0.00,9999.999,9999.999000000000,3.77
24,07,21,11,11,53,40313.335,0,0.000000,0.000000,0.00,9999.999,9999.999000000000,3.79
24,07,21,11,16,53,40613.335,0,0.000000,0.000000,0.00,9999.999,9999.999000000000,3.77
24,07,21,11,21,53,40913.335,0,0.000000,0.000000,0.00,9999.999,9999.999000000000,3.79
24,07,21,11,26,52,41212.525,6,51.989378,-6.501036,60.25,0.460,0.000000623687,3.75
24,07,21,11,31,55,41515.930,8,51.995829,-6.506541,40.25,0.790,0.000005483562,3.77
24,07,21,11,36,55,41815.950,6,51.994122,-6.510476,50.00,1.105,0.000001472665,3.77
24,07,21,11,41,55,42115.925,7,51.993298,-6.514236,45.00,1.095,0.000001986658,3.77
24,07,21,11,47,08,42428.095,1,0.000000,0.000000,0.00,9999.999,9999.999000000000,3.77
24,07,21,11,52,08,42728.095,0,0.000000,0.000000,0.00,9999.999,9999.999000000000,3.77
24,07,21,11,57,08,43028.095,0,0.000000,0.000000,0.00,9999.999,9999.999000000000,3.77
24,07,21,12,03,41,43421.095,0,0.000000,0.000000,0.00,9999.999,9999.999000000000,3.77
24,07,21,12,09,34,43774.095,0,0.000000,0.000000,0.00,9999.999,9999.999000000000,3.77
24,07,21,12,16,34,44194.095,0,0.000000,0.000000,0.00,9999.999,9999.999000000000,3.77
24,07,21,12,23,34,44614.095,0,0.000000,0.000000,0.00,9999.999,9999.999000000000,3.77
24,07,21,12,30,34,45034.095,0,0.000000,0.000000,0.00,9999.999,9999.999000000000,3.77
24,07,21,12,36,16,45376.095,0,0.000000,0.000000,0.00,9999.999,9999.999000000000,3.77
24,07,21,12,43,16,45796.095,0,0.000000,0.000000,0.00,9999.999,9999.999000000000,3.77
24,07,21,12,50,16,46216.095,0,0.000000,0.000000,0.00,9999.999,9999.999000000000,3.77
24,07,21,12,55,20,46520.095,0,0.000000,0.000000,0.00,9999.999,9999.999000000000,3.77
24,07,21,13,00,33,46833.095,0,0.000000,0.000000,0.00,9999.999,9999.999000000000,3.77
24,07,21,13,07,33,47253.095,0,0.000000,0.000000,0.00,9999.999,9999.999000000000,3.77
24,07,21,13,14,33,47673.095,0,0.000000,0.000000,0.00,9999.999,9999.999000000000,3.77
24,07,21,13,21,33,48093.095,0,0.000000,0.000000,0.00,9999.999,9999.999000000000,3.77
24,07,21,13,28,33,48513.095,0,0.000000,0.000000,0.00,9999.999,9999.999000000000,3.77
24,07,21,13,35,33,48933.095,0,0.000000,0.000000,0.00,9999.999,9999.999000000000,3.77
24,07,21,13,40,46,49246.465,9,51.950392,-6.584733,51.25,0.690,0.000001788806,3.77
24,07,21,13,45,58,49558.690,0,0.000000,0.000000,0.00,9999.999,9999.999000000000,3.77
24,07,21,13,50,58,49858.690,0,0.000000,0.000000,0.00,9999.999,9999.999000000000,3.77
24,07,21,13,55,58,50158.690,0,0.000000,0.000000,0.00,9999.999,9999.999000000000,3.77
24,07,21,14,00,58,50458.690,2,0.000000,0.000000,0.00,9999.999,9999.999000000000,3.77
24,07,21,14,05,58,50758.990,4,51.926621,-6.624693,51.00,0.525,0.000000270702,3.77
24,07,21,14,11,05,51065.525,2,0.000000,0.000000,0.00,9999.999,9999.999000000000,3.77
24,07,21,14,15,53,51353.965,7,51.918907,-6.647838,51.75,0.895,0.000004403723,3.77
24,07,21,14,20,53,51653.965,7,51.919027,-6.703060,54.25,1.150,0.000003351290,3.75
24,07,21,14,25,53,51953.970,10,51.932338,-6.750502,51.50,1.095,0.000005109335,3.77
24,07,21,14,30,53,52253.955,6,51.953865,-6.752092,75.50,0.935,0.000005670067,3.77
24,07,21,14,35,53,52553.965,9,51.977021,-6.734737,51.25,0.880,0.000003902841,3.77
24,07,21,14,40,53,52853.970,7,51.992858,-6.711882,41.25,0.940,0.000006474759,3.77
24,07,21,14,46,05,53165.940,1,0.000000,0.000000,0.00,9999.999,9999.999000000000,3.77
24,07,21,14,51,05,53465.940,1,0.000000,0.000000,0.00,9999.999,9999.999000000000,3.75
24,07,21,14,55,53,53753.980,8,51.991362,-6.691380,53.75,1.005,0.000006586534,3.77
24,07,21,15,00,53,54053.965,6,51.983305,-6.657707,75.50,1.005,0.000001824934,3.77
24,07,21,15,05,53,54353.985,7,51.959486,-6.639328,86.75,0.975,0.000004715190,3.77
24,07,21,15,10,54,54654.465,10,51.958091,-6.640187,47.75,0.710,0.000005914659,3.75
24,07,21,15,16,06,54966.710,3,0.000000,0.000000,0.00,9999.999,9999.999000000000,3.77
24,07,21,15,20,54,55254.970,8,51.956763,-6.642686,52.50,0.585,0.000001782008,3.77
24,07,21,15,26,06,55566.585,2,0.000000,0.000000,0.00,9999.999,9999.999000000000,3.77
24,07,21,15,31,01,55861.485,5,51.956172,-6.643381,53.50,0.665,0.000000304744,3.75
24,07,21,15,36,07,56167.665,1,0.000000,0.000000,0.00,9999.999,9999.999000000000,3.77
24,07,21,15,41,39,56499.665,0,0.000000,0.000000,0.00,9999.999,9999.999000000000,3.77
24,07,21,15,46,39,56799.665,2,0.000000,0.000000,0.00,9999.999,9999.999000000000,3.75
24,07,21,15,53,09,57189.665,0,0.000000,0.000000,0.00,9999.999,9999.999000000000,3.75
24,07,21,15,58,09,57489.665,1,0.000000,0.000000,0.00,9999.999,9999.999000000000,3.75
24,07,21,16,03,09,57789.665,0,0.000000,0.000000,0.00,9999.999,9999.999000000000,3.75
24,07,21,16,08,09,58089.665,0,0.000000,0.000000,0.00,9999.999,9999.999000000000,3.75
24,07,21,16,13,09,58389.665,0,0.000000,0.000000,0.00,9999.999,9999.999000000000,3.77
24,07,21,16,18,09,58689.665,0,0.000000,0.000000,0.00,9999.999,9999.999000000000,3.75
24,07,21,16,23,09,58989.665,0,0.000000,0.000000,0.00,9999.999,9999.999000000000,3.75
24,07,21,16,28,09,59289.665,0,0.000000,0.000000,0.00,9999.999,9999.999000000000,3.75
24,07,21,16,33,09,59589.665,0,0.000000,0.000000,0.00,9999.999,9999.999000000000,3.75
24,07,21,16,37,57,59877.995,8,51.950971,-6.660713,50.00,0.780,0.000005068038,3.75
24,07,21,16,42,57,60177.990,7,51.931181,-6.631103,67.00,1.050,0.000003483806,3.75
24,07,21,16,47,57,60477.990,11,51.931986,-6.607756,64.00,1.125,0.000003601814,3.75
24,07,21,16,52,58,60778.005,9,51.958734,-6.615956,47.25,1.035,0.000002935329,3.75
24,07,21,16,58,10,61090.035,0,0.000000,0.000000,0.00,9999.999,9999.999000000000,3.75
24,07,21,17,03,03,61383.675,4,51.981920,-6.594145,47.00,0.795,0.000000752802,3.75
24,07,21,17,07,58,61678.985,6,51.989323,-6.587540,49.00,0.710,0.000001678497,3.75
24,07,21,17,12,58,61978.990,8,52.002634,-6.555181,50.75,0.945,0.000005262740,3.75
24,07,21,17,17,59,62279.015,8,52.020777,-6.525823,39.25,1.120,0.000003757769,3.75
24,07,21,17,22,59,62579.030,6,52.032979,-6.488332,28.00,1.110,0.000001716942,3.75
24,07,21,17,28,00,62880.500,5,52.039111,-6.453062,51.75,0.760,0.000001803022,3.75
24,07,21,17,33,00,63180.000,8,52.060648,-6.434046,56.50,0.575,0.000004839728,3.75
24,07,21,17,38,03,63483.375,4,52.063223,-6.430864,56.00,0.595,0.000001160607,3.75
24,07,21,17,43,20,63800.595,0,0.000000,0.000000,0.00,9999.999,9999.999000000000,3.75
24,07,21,17,48,20,64100.595,0,0.000000,0.000000,0.00,9999.999,9999.999000000000,3.75
24,07,21,17,53,09,64389.505,8,52.073460,-6.396030,61.00,0.450,0.000001763632,3.75
24,07,21,17,58,10,64690.010,10,52.077629,-6.351230,57.50,0.685,0.000002686488,3.75
24,07,21,18,03,10,64990.005,9,52.080554,-6.311281,58.75,1.125,0.000003941482,3.75
24,07,21,18,08,10,65290.015,8,52.074732,-6.270421,68.75,1.230,0.000002135407,3.75
24,07,21,18,13,09,65590.000,6,52.094159,-6.278393,57.00,1.060,0.000000443111,3.75
24,07,21,18,18,16,65896.020,4,52.110225,-6.288620,57.00,0.925,0.000000603801,3.75
24,07,21,18,23,10,66190.015,9,52.117068,-6.297780,59.50,0.950,0.000004565652,3.75
24,07,21,18,28,19,66499.520,4,52.118573,-6.298897,59.00,0.780,0.000000159014,3.75
24,07,21,18,33,29,66809.780,0,0.000000,0.000000,0.00,9999.999,9999.999000000000,3.75
24,07,21,18,38,29,67109.780,0,0.000000,0.000000,0.00,9999.999,9999.999000000000,3.75
24,07,21,18,43,42,67422.010,4,52.132081,-6.278802,59.00,0.180,0.000000233387,3.75
24,07,21,18,48,31,67711.470,6,52.126469,-6.282847,63.00,9999.999,0.000001373558,3.75
24,07,21,18,53,43,68023.180,0,0.000000,0.000000,0.00,9999.999,9999.999000000000,3.75
24,07,21,18,58,43,68323.180,0,0.000000,0.000000,0.00,9999.999,9999.999000000000,3.75
24,07,21,19,03,43,68623.180,0,0.000000,0.000000,0.00,9999.999,9999.999000000000,3.75
24,07,21,19,08,40,68920.940,5,52.134930,-6.262736,562.75,0.705,0.000004228455,3.75
24,07,21,19,13,43,69223.705,0,0.000000,0.000000,0.00,9999.999,9999.999000000000,3.75
24,07,21,19,18,46,69526.705,3,0.000000,0.000000,0.00,9999.999,9999.999000000000,3.75
24,07,21,19,23,46,69826.705,1,0.000000,0.000000,0.00,9999.999,9999.999000000000,3.75
24,07,21,19,29,03,70143.705,2,0.000000,0.000000,0.00,9999.999,9999.999000000000,3.75
24,07,21,19,34,01,70441.035,9,52.143744,-6.241099,67.25,1.250,0.000003501144,3.75
24,07,21,19,39,13,70753.250,1,0.000000,0.000000,0.00,9999.999,9999.999000000000,3.75
24,07,21,19,44,01,71041.030,7,52.150941,-6.231852,71.50,1.305,0.000002813951,3.75
24,07,21,19,49,01,71341.025,6,52.152948,-6.227937,45.75,1.055,0.000001037859,3.75
24,07,21,19,54,13,71653.055,0,0.000000,0.000000,0.00,9999.999,9999.999000000000,3.75
24,07,21,19,59,13,71953.055,1,0.000000,0.000000,0.00,9999.999,9999.999000000000,3.75
24,07,21,20,04,12,72252.035,6,52.161798,-6.213852,71.75,0.905,0.000002205078,3.75
24,07,21,20,09,02,72542.045,10,52.167488,-6.217568,58.25,0.965,0.000005115287,3.75
24,07,21,20,14,02,72842.045,10,52.176940,-6.257490,59.75,1.075,0.000005838071,3.73
24,07,21,20,19,02,73142.025,8,52.185842,-6.305482,75.50,1.090,0.000006532799,3.75
24,07,21,20,24,02,73442.540,9,52.172699,-6.349134,58.75,0.790,0.000004886330,3.75
24,07,21,20,29,03,73743.040,8,52.162659,-6.407505,54.25,0.640,0.000004495958,3.75
24,07,21,20,34,14,74054.640,1,0.000000,0.000000,0.00,9999.999,9999.999000000000,3.75
24,07,21,20,39,03,74343.040,6,52.162576,-6.407511,52.00,0.965,0.000001479684,3.75
24,07,21,20,44,13,74653.535,5,52.163752,-6.424511,66.00,1.450,0.000000181277,3.73
24,07,21,20,49,06,74946.530,4,52.164002,-6.423845,52.00,1.275,0.000000232200,3.73
24,07,21,20,54,16,75256.275,2,0.000000,0.000000,0.00,9999.999,9999.999000000000,3.73
24,07,21,20,59,15,75555.475,4,52.163555,-6.419718,52.00,0.415,0.000000308930,3.73
24,07,21,21,04,15,75855.415,3,0.000000,0.000000,0.00,9999.999,9999.999000000000,3.75
24,07,21,21,09,15,76155.415,0,0.000000,0.000000,0.00,9999.999,9999.999000000000,3.73
24,07,21,21,14,15,76455.415,3,0.000000,0.000000,0.00,9999.999,9999.999000000000,3.73
24,07,21,21,19,15,76755.415,0,0.000000,0.000000,0.00,9999.999,9999.999000000000,3.73
24,07,21,21,24,15,77055.415,0,0.000000,0.000000,0.00,9999.999,9999.999000000000,3.73
24,07,21,21,29,15,77355.415,0,0.000000,0.000000,0.00,9999.999,9999.999000000000,3.73
24,07,21,21,34,15,77655.415,0,0.000000,0.000000,0.00,9999.999,9999.999000000000,3.73
24,07,21,21,39,15,77955.415,0,0.000000,0.000000,0.00,9999.999,9999.999000000000,3.73
24,07,21,21,44,15,78255.415,0,0.000000,0.000000,0.00,9999.999,9999.999000000000,3.73
24,07,21,21,49,15,78555.415,0,0.000000,0.000000,0.00,9999.999,9999.999000000000,3.73
24,07,21,21,54,19,78859.415,0,0.000000,0.000000,0.00,9999.999,9999.999000000000,3.73
24,07,21,21,59,19,79159.415,0,0.000000,0.000000,0.00,9999.999,9999.999000000000,3.73
24,07,21,22,04,08,79448.065,10,52.158099,-6.418742,52.50,0.340,0.000004955829,3.73
24,07,21,22,09,08,79748.060,8,52.161368,-6.476089,42.00,1.025,0.000005364317,3.73
24,07,21,22,14,08,80048.065,8,52.157389,-6.540498,50.00,1.405,0.000006540327,3.73
24,07,21,22,19,08,80348.565,10,52.141641,-6.593502,46.50,1.005,0.000004925507,3.73
24,07,21,22,24,21,80661.005,3,0.000000,0.000000,0.00,9999.999,9999.999000000000,3.73
24,07,21,22,29,21,80961.005,0,0.000000,0.000000,0.00,9999.999,9999.999000000000,3.73
24,07,21,22,34,21,81261.005,0,0.000000,0.000000,0.00,9999.999,9999.999000000000,3.73
24,07,21,22,39,21,81561.005,0,0.000000,0.000000,0.00,9999.999,9999.999000000000,3.73
24,07,21,22,44,21,81861.005,0,0.000000,0.000000,0.00,9999.999,9999.999000000000,3.73
24,07,21,22,49,21,82161.005,0,0.000000,0.000000,0.00,9999.999,9999.999000000000,3.73
24,07,21,22,54,21,82461.005,0,0.000000,0.000000,0.00,9999.999,9999.999000000000,3.73
24,07,21,22,59,21,82761.005,0,0.000000,0.000000,0.00,9999.999,9999.999000000000,3.73
24,07,21,23,04,09,83049.115,7,52.142119,-6.599443,29.75,0.640,0.000001648679,3.73
24,07,21,23,09,22,83362.640,2,0.000000,0.000000,0.00,9999.999,9999.999000000000,3.73
24,07,21,23,14,11,83651.090,8,52.143369,-6.593694,53.00,0.920,0.000003403817,3.73
24,07,21,23,19,11,83951.090,7,52.144004,-6.592656,63.25,1.230,0.000005670982,3.73
24,07,21,23,24,23,84263.230,3,0.000000,0.000000,0.00,9999.999,9999.999000000000,3.73
24,07,21,23,29,23,84563.230,1,0.000000,0.000000,0.00,9999.999,9999.999000000000,3.73
24,07,21,23,34,23,84863.230,0,0.000000,0.000000,0.00,9999.999,9999.999000000000,3.73
24,07,21,23,39,23,85163.230,0,0.000000,0.000000,0.00,9999.999,9999.999000000000,3.73
24,07,21,23,44,23,85463.230,0,0.000000,0.000000,0.00,9999.999,9999.999000000000,3.73
24,07,21,23,49,23,85763.230,0,0.000000,0.000000,0.00,9999.999,9999.999000000000,3.73
24,07,21,23,54,23,86063.230,0,0.000000,0.000000,0.00,9999.999,9999.999000000000,3.73
24,07,21,23,59,23,86363.230,0,0.000000,0.000000,0.00,9999.999,9999.999000000000,3.73
25,07,21,00,04,11,251.090,8,52.141642,-6.592317,58.75,1.245,0.000002285279,3.73
25,07,21,00,09,23,563.245,0,0.000000,0.000000,0.00,9999.999,9999.999000000000,3.73
25,07,21,00,14,23,863.245,0,0.000000,0.000000,0.00,9999.999,9999.999000000000,3.73
25,07,21,00,19,23,1163.245,1,0.000000,0.000000,0.00,9999.999,9999.999000000000,3.73
25,07,21,00,24,23,1463.245,0,0.000000,0.000000,0.00,9999.999,9999.999000000000,3.73
25,07,21,00,29,23,1763.245,0,0.000000,0.000000,0.00,9999.999,9999.999000000000,3.73
25,07,21,00,34,23,2063.245,0,0.000000,0.000000,0.00,9999.999,9999.999000000000,3.73
25,07,21,00,39,23,2363.245,0,0.000000,0.000000,0.00,9999.999,9999.999000000000,3.73
25,07,21,00,44,23,2663.245,0,0.000000,0.000000,0.00,9999.999,9999.999000000000,3.73
25,07,21,00,49,23,2963.245,0,0.000000,0.000000,0.00,9999.999,9999.999000000000,3.73
25,07,21,00,54,23,3263.245,0,0.000000,0.000000,0.00,9999.999,9999.999000000000,3.73
25,07,21,00,59,23,3563.245,0,0.000000,0.000000,0.00,9999.999,9999.999000000000,3.73
25,07,21,01,04,21,3861.625,6,52.141907,-6.597395,32.50,0.865,0.000003808015,3.73
25,07,21,01,09,23,4163.865,0,0.000000,0.000000,0.00,9999.999,9999.999000000000,3.73
25,07,21,01,14,23,4463.865,0,0.000000,0.000000,0.00,9999.999,9999.999000000000,3.73
25,07,21,01,19,23,4763.865,0,0.000000,0.000000,0.00,9999.999,9999.999000000000,3.73
25,07,21,01,24,23,5063.865,0,0.000000,0.000000,0.00,9999.999,9999.999000000000,3.73
25,07,21,01,29,23,5363.865,1,0.000000,0.000000,0.00,9999.999,9999.999000000000,3.71
25,07,21,01,34,23,5663.865,0,0.000000,0.000000,0.00,9999.999,9999.999000000000,3.73
25,07,21,01,39,23,5963.865,0,0.000000,0.000000,0.00,9999.999,9999.999000000000,3.73
25,07,21,01,44,23,6263.865,0,0.000000,0.000000,0.00,9999.999,9999.999000000000,3.71
25,07,21,01,49,23,6563.865,0,0.000000,0.000000,0.00,9999.999,9999.999000000000,3.71
25,07,21,01,54,23,6863.865,0,0.000000,0.000000,0.00,9999.999,9999.999000000000,3.73
25,07,21,01,59,23,7163.865,0,0.000000,0.000000,0.00,9999.999,9999.999000000000,3.71
25,07,21,02,04,23,7463.865,0,0.000000,0.000000,0.00,9999.999,9999.999000000000,3.73
25,07,21,02,09,23,7763.865,0,0.000000,0.000000,0.00,9999.999,9999.999000000000,3.73
25,07,21,02,14,23,8063.865,1,0.000000,0.000000,0.00,9999.999,9999.999000000000,3.71
25,07,21,02,19,23,8363.865,0,0.000000,0.000000,0.00,9999.999,9999.999000000000,3.73
25,07,21,02,24,23,8663.865,0,0.000000,0.000000,0.00,9999.999,9999.999000000000,3.71
25,07,21,02,29,23,8963.865,0,0.000000,0.000000,0.00,9999.999,9999.999000000000,3.73
25,07,21,02,34,23,9263.865,0,0.000000,0.000000,0.00,9999.999,9999.999000000000,3.71
25,07,21,02,39,23,9563.865,0,0.000000,0.000000,0.00,9999.999,9999.999000000000,3.71
25,07,21,02,44,23,9863.865,0,0.000000,0.000000,0.00,9999.999,9999.999000000000,3.73
25,07,21,02,49,23,10163.865,0,0.000000,0.000000,0.00,9999.999,9999.999000000000,3.71
25,07,21,02,54,23,10463.865,0,0.000000,0.000000,0.00,9999.999,9999.999000000000,3.71
25,07,21,02,59,23,10763.865,0,0.000000,0.000000,0.00,9999.999,9999.999000000000,3.71
25,07,21,03,04,23,11063.865,0,0.000000,0.000000,0.00,9999.999,9999.999000000000,3.71
25,07,21,03,09,23,11363.865,2,0.000000,0.000000,0.00,9999.999,9999.999000000000,3.71
25,07,21,03,14,23,11663.865,0,0.000000,0.000000,0.00,9999.999,9999.999000000000,3.71
25,07,21,03,19,23,11963.865,0,0.000000,0.000000,0.00,9999.999,9999.999000000000,3.71
25,07,21,03,24,23,12263.865,0,0.000000,0.000000,0.00,9999.999,9999.999000000000,3.71
25,07,21,03,29,23,12563.865,0,0.000000,0.000000,0.00,9999.999,9999.999000000000,3.71
25,07,21,03,34,23,12863.865,0,0.000000,0.000000,0.00,9999.999,9999.999000000000,3.69
25,07,21,03,39,23,13163.865,0,0.000000,0.000000,0.00,9999.999,9999.999000000000,3.71
25,07,21,03,44,23,13463.865,0,0.000000,0.000000,0.00,9999.999,9999.999000000000,3.71
25,07,21,03,49,23,13763.865,0,0.000000,0.000000,0.00,9999.999,9999.999000000000,3.69
25,07,21,03,54,23,14063.865,1,0.000000,0.000000,0.00,9999.999,9999.999000000000,3.69
25,07,21,03,59,23,14363.865,0,0.000000,0.000000,0.00,9999.999,9999.999000000000,3.69
25,07,21,04,04,32,14672.865,0,0.000000,0.000000,0.00,9999.999,9999.999000000000,3.69
25,07,21,04,09,21,14961.645,7,52.130648,-6.598578,49.00,0.445,0.000002845859,3.69
25,07,21,04,14,33,15273.505,4,52.118053,-6.557130,49.00,0.365,0.000000646916,3.69
25,07,21,04,19,33,15573.365,0,0.000000,0.000000,0.00,9999.999,9999.999000000000,3.69
25,07,21,04,24,33,15873.365,2,0.000000,0.000000,0.00,9999.999,9999.999000000000,3.67
25,07,21,04,29,33,16173.365,0,0.000000,0.000000,0.00,9999.999,9999.999000000000,3.67
25,07,21,04,34,22,16462.665,6,52.112616,-6.544293,21.25,0.545,0.000001738393,3.67
25,07,21,04,39,34,16774.545,0,0.000000,0.000000,0.00,9999.999,9999.999000000000,3.67
25,07,21,04,44,34,17074.545,0,0.000000,0.000000,0.00,9999.999,9999.999000000000,3.67
25,07,21,04,49,34,17374.545,2,0.000000,0.000000,0.00,9999.999,9999.999000000000,3.67
25,07,21,04,54,34,17674.545,0,0.000000,0.000000,0.00,9999.999,9999.999000000000,3.65
25,07,21,04,59,34,17974.545,1,0.000000,0.000000,0.00,9999.999,9999.999000000000,3.65
25,07,21,05,04,34,18274.545,0,0.000000,0.000000,0.00,9999.999,9999.999000000000,3.65
25,07,21,05,09,23,18563.675,8,52.091163,-6.481158,58.25,0.760,0.000002574889,3.65
25,07,21,05,14,24,18864.180,8,52.067615,-6.441416,64.25,1.035,0.000004086905,3.65
25,07,21,05,19,24,19164.165,9,52.038242,-6.416648,51.25,1.310,0.000005830246,3.65
25,07,21,05,24,24,19464.690,7,52.017916,-6.419699,63.00,1.065,0.000002459988,3.65
25,07,21,05,29,36,19776.065,1,0.000000,0.000000,0.00,9999.999,9999.999000000000,3.65
25,07,21,05,34,35,20075.505,4,52.017993,-6.418815,63.00,0.475,0.000000578592,3.65
25,07,21,05,39,35,20375.475,0,0.000000,0.000000,0.00,9999.999,9999.999000000000,3.63
25,07,21,05,44,35,20675.475,2,0.000000,0.000000,0.00,9999.999,9999.999000000000,3.63
25,07,21,05,49,35,20975.475,1,0.000000,0.000000,0.00,9999.999,9999.999000000000,3.63
25,07,21,05,54,24,21264.195,7,52.006151,-6.458327,63.00,9999.999,0.000008150996,3.63
25,07,21,05,59,24,21564.185,8,52.009804,-6.449363,57.75,1.190,0.000004487966,3.63
25,07,21,06,04,36,21876.190,0,0.000000,0.000000,0.00,9999.999,9999.999000000000,3.63
25,07,21,06,09,24,22164.170,6,52.008964,-6.430922,55.50,1.535,0.000001660932,3.63
25,07,21,06,14,36,22476.535,0,0.000000,0.000000,0.00,9999.999,9999.999000000000,3.61
25,07,21,06,19,36,22776.535,0,0.000000,0.000000,0.00,9999.999,9999.999000000000,3.61
25,07,21,06,24,36,23076.535,3,0.000000,0.000000,0.00,9999.999,9999.999000000000,3.61
25,07,21,06,29,36,23376.535,0,0.000000,0.000000,0.00,9999.999,9999.999000000000,3.61
25,07,21,06,34,36,23676.535,0,0.000000,0.000000,0.00,9999.999,9999.999000000000,3.61
25,07,21,06,39,36,23976.535,0,0.000000,0.000000,0.00,9999.999,9999.999000000000,3.59
25,07,21,06,44,36,24276.535,0,0.000000,0.000000,0.00,9999.999,9999.999000000000,3.59
25,07,21,06,49,36,24576.535,0,0.000000,0.000000,0.00,9999.999,9999.999000000000,3.59
25,07,21,07,04,36,25476.535,0,0.000000,0.000000,0.00,9999.999,9999.999000000000,3.59
25,07,21,07,14,33,26073.705,5,52.022301,-6.397077,61.75,1.110,0.000000892324,3.59
25,07,21,08,06,37,29197.110,0,0.000000,0.000000,0.00,9999.999,9999.999000000000,3.59
25,07,21,08,51,37,31897.110,0,0.000000,0.000000,0.00,9999.999,9999.999000000000,3.59
25,07,21,15,16,39,54999.110,0,0.000000,0.000000,0.00,9999.999,9999.999000000000,3.59
